date,origin_group,dep_airport,arr_airport,destination,airline,airline_code,dep_time,arr_time,duration,stops,price_value,price_text,scraped_at,source
2026-01-21,BKKA,DMK,KKC,KKC,Thai Lion Air,SL,08:00,09:10,1ชม.10นาที,Direct,869,฿869,2026-01-20T19:30:40.611314,airpaz.com
2026-01-21,BKKA,DMK,KKC,KKC,Thai Lion Air,SL,11:10,12:10,1ชม.0นาที,Direct,877,฿877,2026-01-20T19:30:40.676521,airpaz.com
2026-01-21,BKKA,BKK,KKC,KKC,Thai VietJet Air,VZ,07:05,08:10,1ชม.5นาที,Direct,897,฿897,2026-01-20T19:30:40.734863,airpaz.com
2026-01-21,BKKA,BKK,KKC,KKC,Thai VietJet Air,VZ,17:25,18:30,1ชม.5นาที,Direct,898,฿898,2026-01-20T19:30:40.775867,airpaz.com
2026-01-21,BKKA,BKK,KKC,KKC,Thai AirAsia,FD,11:10,12:30,1ชม.20นาที,Direct,970,฿970,2026-01-20T19:30:40.820392,airpaz.com
2026-01-21,BKKA,BKK,KKC,KKC,Thai AirAsia,FD,19:10,20:20,1ชม.10นาที,Direct,979,฿979,2026-01-20T19:30:40.863498,airpaz.com
2026-01-21,BKKA,DMK,KKC,KKC,Thai AirAsia,FD,17:45,18:50,1ชม.5นาที,Direct,998,฿998,2026-01-20T19:30:40.909316,airpaz.com
2026-01-21,BKKA,DMK,KKC,KKC,Thai AirAsia,FD,20:10,21:15,1ชม.5นาที,Direct,1002,"฿1,002",2026-01-20T19:30:40.948593,airpaz.com
2026-01-21,BKKA,DMK,KKC,KKC,Thai AirAsia,FD,12:20,13:30,1ชม.10นาที,Direct,1003,"฿1,003",2026-01-20T19:30:40.993591,airpaz.com
2026-01-21,BKKA,DMK,KKC,KKC,Thai AirAsia,FD,10:45,11:50,1ชม.5นาที,Direct,1009,"฿1,009",2026-01-20T19:30:41.035642,airpaz.com
2026-01-22,BKKA,BKK,KKC,KKC,Thai VietJet Air,VZ,07:05,08:10,1ชม.5นาที,Direct,861,฿861,2026-01-20T19:31:10.049503,airpaz.com
2026-01-22,BKKA,BKK,KKC,KKC,Thai VietJet Air,VZ,17:25,18:30,1ชม.5นาที,Direct,862,฿862,2026-01-20T19:31:10.084194,airpaz.com
2026-01-22,BKKA,DMK,KKC,KKC,Thai Lion Air,SL,08:00,09:10,1ชม.10นาที,Direct,869,฿869,2026-01-20T19:31:10.117199,airpaz.com
2026-01-22,BKKA,DMK,KKC,KKC,Thai Lion Air,SL,15:40,16:50,1ชม.10นาที,Direct,875,฿875,2026-01-20T19:31:10.150392,airpaz.com
2026-01-22,BKKA,DMK,KKC,KKC,Thai Lion Air,SL,18:15,19:20,1ชม.5นาที,Direct,875,฿875,2026-01-20T19:31:10.183407,airpaz.com
2026-01-22,BKKA,DMK,KKC,KKC,Thai Lion Air,SL,11:00,12:00,1ชม.0นาที,Direct,877,฿877,2026-01-20T19:31:10.218499,airpaz.com
2026-01-22,BKKA,BKK,KKC,KKC,Thai AirAsia,FD,11:10,12:30,1ชม.20นาที,Direct,970,฿970,2026-01-20T19:31:10.252221,airpaz.com
2026-01-22,BKKA,BKK,KKC,KKC,Thai AirAsia,FD,19:10,20:20,1ชม.10นาที,Direct,979,฿979,2026-01-20T19:31:10.284538,airpaz.com
2026-01-22,BKKA,DMK,KKC,KKC,Thai AirAsia,FD,17:45,18:50,1ชม.5นาที,Direct,998,฿998,2026-01-20T19:31:10.315147,airpaz.com
2026-01-22,BKKA,DMK,KKC,KKC,Thai AirAsia,FD,12:20,13:30,1ชม.10นาที,Direct,1003,"฿1,003",2026-01-20T19:31:10.348647,airpaz.com
2026-01-23,BKKA,DMK,KKC,KKC,Thai Lion Air,SL,08:00,09:10,1ชม.10นาที,Direct,869,฿869,2026-01-20T19:31:38.617285,airpaz.com
2026-01-23,BKKA,DMK,KKC,KKC,Thai Lion Air,SL,15:40,16:50,1ชม.10นาที,Direct,875,฿875,2026-01-20T19:31:38.648654,airpaz.com
2026-01-23,BKKA,DMK,KKC,KKC,Thai Lion Air,SL,11:00,12:00,1ชม.0นาที,Direct,877,฿877,2026-01-20T19:31:38.680368,airpaz.com
2026-01-23,BKKA,DMK,KKC,KKC,Thai AirAsia,FD,12:20,13:30,1ชม.10นาที,Direct,1003,"฿1,003",2026-01-20T19:31:38.712570,airpaz.com
2026-01-23,BKKA,DMK,KKC,KKC,Thai AirAsia,FD,07:25,08:40,1ชม.15นาที,Direct,1011,"฿1,011",2026-01-20T19:31:38.743803,airpaz.com
2026-01-23,BKKA,DMK,KKC,KKC,Thai AirAsia,FD,10:45,11:50,1ชม.5นาที,Direct,1249,"฿1,249",2026-01-20T19:31:38.775623,airpaz.com
2026-01-23,BKKA,BKK,KKC,KKC,Thai AirAsia,FD,11:10,12:30,1ชม.20นาที,Direct,1503,"฿1,503",2026-01-20T19:31:38.806004,airpaz.com
2026-01-23,BKKA,BKK,KKC,KKC,Thai AirAsia,FD,19:10,20:20,1ชม.10นาที,Direct,1908,"฿1,908",2026-01-20T19:31:38.838039,airpaz.com
2026-01-23,BKKA,DMK,KKC,KKC,Thai AirAsia,FD,15:40,16:45,1ชม.5นาที,Direct,2684,"฿2,684",2026-01-20T19:31:38.870780,airpaz.com
2026-01-23,BKKA,DMK,KKC,KKC,Thai AirAsia,FD,17:45,18:50,1ชม.5นาที,Direct,3611,"฿3,611",2026-01-20T19:31:38.945216,airpaz.com
2026-01-24,BKKA,BKK,KKC,KKC,Thai VietJet Air,VZ,07:05,08:10,1ชม.5นาที,Direct,824,฿824,2026-01-20T19:31:43.399491,airpaz.com
2026-01-24,BKKA,DMK,KKC,KKC,Thai Lion Air,SL,08:00,09:10,1ชม.10นาที,Direct,869,฿869,2026-01-20T19:31:43.429577,airpaz.com
2026-01-24,BKKA,DMK,KKC,KKC,Thai Lion Air,SL,15:40,16:50,1ชม.10นาที,Direct,875,฿875,2026-01-20T19:31:43.463239,airpaz.com
2026-01-24,BKKA,DMK,KKC,KKC,Thai Lion Air,SL,11:00,12:00,1ชม.0นาที,Direct,877,฿877,2026-01-20T19:31:43.502305,airpaz.com
2026-01-24,BKKA,BKK,KKC,KKC,Thai VietJet Air,VZ,17:25,18:30,1ชม.5นาที,Direct,960,฿960,2026-01-20T19:31:43.533755,airpaz.com
2026-01-24,BKKA,DMK,KKC,KKC,Thai AirAsia,FD,12:20,13:30,1ชม.10นาที,Direct,1003,"฿1,003",2026-01-20T19:31:43.568594,airpaz.com
2026-01-24,BKKA,DMK,KKC,KKC,Thai AirAsia,FD,07:25,08:40,1ชม.15นาที,Direct,1011,"฿1,011",2026-01-20T19:31:43.600691,airpaz.com
2026-01-24,BKKA,DMK,KKC,KKC,Thai AirAsia,FD,10:45,11:50,1ชม.5นาที,Direct,1249,"฿1,249",2026-01-20T19:31:43.632245,airpaz.com
2026-01-24,BKKA,BKK,KKC,KKC,Thai AirAsia,FD,11:10,12:30,1ชม.20นาที,Direct,1503,"฿1,503",2026-01-20T19:31:43.666662,airpaz.com
2026-01-24,BKKA,BKK,KKC,KKC,Thai AirAsia,FD,19:10,20:20,1ชม.10นาที,Direct,1908,"฿1,908",2026-01-20T19:31:43.698679,airpaz.com
2026-01-25,BKKA,DMK,KKC,KKC,Thai Lion Air,SL,08:00,09:10,1ชม.10นาที,Direct,869,฿869,2026-01-20T19:32:12.168738,airpaz.com
2026-01-25,BKKA,DMK,KKC,KKC,Thai Lion Air,SL,11:10,12:10,1ชม.0นาที,Direct,877,฿877,2026-01-20T19:32:12.199682,airpaz.com
2026-01-25,BKKA,BKK,KKC,KKC,Thai AirAsia,FD,11:10,12:30,1ชม.20นาที,Direct,970,฿970,2026-01-20T19:32:12.233915,airpaz.com
2026-01-25,BKKA,DMK,KKC,KKC,Thai Lion Air,SL,15:40,16:50,1ชม.10นาที,Direct,972,฿972,2026-01-20T19:32:12.268211,airpaz.com
2026-01-25,BKKA,DMK,KKC,KKC,Thai Lion Air,SL,18:15,19:20,1ชม.5นาที,Direct,973,฿973,2026-01-20T19:32:12.304268,airpaz.com
2026-01-25,BKKA,DMK,KKC,KKC,Thai AirAsia,FD,12:20,13:30,1ชม.10นาที,Direct,1003,"฿1,003",2026-01-20T19:32:12.338021,airpaz.com
2026-01-25,BKKA,DMK,KKC,KKC,Thai AirAsia,FD,10:45,11:50,1ชม.5นาที,Direct,1009,"฿1,009",2026-01-20T19:32:12.373647,airpaz.com
2026-01-25,BKKA,DMK,KKC,KKC,Thai AirAsia,FD,07:25,08:40,1ชม.15นาที,Direct,1011,"฿1,011",2026-01-20T19:32:12.406962,airpaz.com
2026-01-25,BKKA,BKK,KKC,KKC,Thai AirAsia,FD,19:10,20:20,1ชม.10นาที,Direct,1908,"฿1,908",2026-01-20T19:32:12.441310,airpaz.com
2026-01-25,BKKA,DMK,KKC,KKC,Thai AirAsia,FD,15:20,16:25,1ชม.5นาที,Direct,2205,"฿2,205",2026-01-20T19:32:12.505056,airpaz.com
2026-01-26,BKKA,BKK,KKC,KKC,Thai VietJet Air,VZ,07:05,08:10,1ชม.5นาที,Direct,812,฿812,2026-01-20T19:32:18.436943,airpaz.com
2026-01-26,BKKA,DMK,KKC,KKC,Thai Lion Air,SL,08:00,09:10,1ชม.10นาที,Direct,869,฿869,2026-01-20T19:32:18.470832,airpaz.com
2026-01-26,BKKA,DMK,KKC,KKC,Thai Lion Air,SL,11:10,12:10,1ชม.0นาที,Direct,877,฿877,2026-01-20T19:32:18.504794,airpaz.com
2026-01-26,BKKA,BKK,KKC,KKC,Thai AirAsia,FD,11:10,12:30,1ชม.20นาที,Direct,970,฿970,2026-01-20T19:32:18.535250,airpaz.com
2026-01-26,BKKA,DMK,KKC,KKC,Thai Lion Air,SL,15:40,16:50,1ชม.10นาที,Direct,972,฿972,2026-01-20T19:32:18.571511,airpaz.com
2026-01-26,BKKA,DMK,KKC,KKC,Thai Lion Air,SL,18:15,19:20,1ชม.5นาที,Direct,973,฿973,2026-01-20T19:32:18.614070,airpaz.com
2026-01-26,BKKA,DMK,KKC,KKC,Thai AirAsia,FD,12:20,13:30,1ชม.10นาที,Direct,1003,"฿1,003",2026-01-20T19:32:18.647670,airpaz.com
2026-01-26,BKKA,DMK,KKC,KKC,Thai AirAsia,FD,10:45,11:50,1ชม.5นาที,Direct,1009,"฿1,009",2026-01-20T19:32:18.680143,airpaz.com
2026-01-26,BKKA,DMK,KKC,KKC,Thai AirAsia,FD,07:25,08:40,1ชม.15นาที,Direct,1011,"฿1,011",2026-01-20T19:32:18.711646,airpaz.com
2026-01-26,BKKA,BKK,KKC,KKC,Thai VietJet Air,VZ,17:25,18:30,1ชม.5นาที,Direct,1081,"฿1,081",2026-01-20T19:32:18.746638,airpaz.com
2026-01-27,BKKA,DMK,KKC,KKC,Thai Lion Air,SL,08:00,09:10,1ชม.10นาที,Direct,869,฿869,2026-01-20T19:32:47.211943,airpaz.com
2026-01-27,BKKA,DMK,KKC,KKC,Thai Lion Air,SL,15:40,16:50,1ชม.10นาที,Direct,875,฿875,2026-01-20T19:32:47.247463,airpaz.com
2026-01-27,BKKA,DMK,KKC,KKC,Thai Lion Air,SL,18:15,19:20,1ชม.5นาที,Direct,875,฿875,2026-01-20T19:32:47.279488,airpaz.com
2026-01-27,BKKA,DMK,KKC,KKC,Thai Lion Air,SL,11:00,12:00,1ชม.0นาที,Direct,877,฿877,2026-01-20T19:32:47.312887,airpaz.com
2026-01-27,BKKA,BKK,KKC,KKC,Thai AirAsia,FD,11:10,12:30,1ชม.20นาที,Direct,970,฿970,2026-01-20T19:32:47.345516,airpaz.com
2026-01-27,BKKA,BKK,KKC,KKC,Thai AirAsia,FD,19:10,20:20,1ชม.10นาที,Direct,979,฿979,2026-01-20T19:32:47.379805,airpaz.com
2026-01-27,BKKA,DMK,KKC,KKC,Thai AirAsia,FD,17:45,18:50,1ชม.5นาที,Direct,998,฿998,2026-01-20T19:32:47.413233,airpaz.com
2026-01-27,BKKA,DMK,KKC,KKC,Thai AirAsia,FD,19:25,20:30,1ชม.5นาที,Direct,1002,"฿1,002",2026-01-20T19:32:47.446623,airpaz.com
2026-01-27,BKKA,DMK,KKC,KKC,Thai AirAsia,FD,12:20,13:30,1ชม.10นาที,Direct,1003,"฿1,003",2026-01-20T19:32:47.480926,airpaz.com
2026-01-27,BKKA,DMK,KKC,KKC,Thai AirAsia,FD,14:45,15:50,1ชม.5นาที,Direct,1007,"฿1,007",2026-01-20T19:32:47.518803,airpaz.com
2026-01-28,BKKA,BKK,KKC,KKC,Thai VietJet Air,VZ,07:05,08:10,1ชม.5นาที,Direct,848,฿848,2026-01-20T19:32:58.045443,airpaz.com
2026-01-28,BKKA,BKK,KKC,KKC,Thai VietJet Air,VZ,17:25,18:30,1ชม.5นาที,Direct,849,฿849,2026-01-20T19:32:58.078064,airpaz.com
2026-01-28,BKKA,DMK,KKC,KKC,Thai Lion Air,SL,08:00,09:10,1ชม.10นาที,Direct,869,฿869,2026-01-20T19:32:58.111157,airpaz.com
2026-01-28,BKKA,DMK,KKC,KKC,Thai Lion Air,SL,15:40,16:50,1ชม.10นาที,Direct,875,฿875,2026-01-20T19:32:58.143999,airpaz.com
2026-01-28,BKKA,DMK,KKC,KKC,Thai Lion Air,SL,18:15,19:20,1ชม.5นาที,Direct,875,฿875,2026-01-20T19:32:58.180949,airpaz.com
2026-01-28,BKKA,DMK,KKC,KKC,Thai Lion Air,SL,11:00,12:00,1ชม.0นาที,Direct,877,฿877,2026-01-20T19:32:58.214599,airpaz.com
2026-01-28,BKKA,BKK,KKC,KKC,Thai AirAsia,FD,11:10,12:30,1ชม.20นาที,Direct,970,฿970,2026-01-20T19:32:58.245528,airpaz.com
2026-01-28,BKKA,BKK,KKC,KKC,Thai AirAsia,FD,19:10,20:20,1ชม.10นาที,Direct,979,฿979,2026-01-20T19:32:58.278159,airpaz.com
2026-01-28,BKKA,DMK,KKC,KKC,Thai AirAsia,FD,17:45,18:50,1ชม.5นาที,Direct,998,฿998,2026-01-20T19:32:58.309525,airpaz.com
2026-01-28,BKKA,DMK,KKC,KKC,Thai AirAsia,FD,19:25,20:30,1ชม.5นาที,Direct,1002,"฿1,002",2026-01-20T19:32:58.344751,airpaz.com
2026-01-29,BKKA,BKK,KKC,KKC,Thai VietJet Air,VZ,07:05,08:10,1ชม.5นาที,Direct,820,฿820,2026-01-20T19:33:26.781307,airpaz.com
2026-01-29,BKKA,BKK,KKC,KKC,Thai VietJet Air,VZ,17:25,18:30,1ชม.5นาที,Direct,822,฿822,2026-01-20T19:33:26.816193,airpaz.com
2026-01-29,BKKA,DMK,KKC,KKC,Thai Lion Air,SL,08:00,09:10,1ชม.10นาที,Direct,869,฿869,2026-01-20T19:33:26.848341,airpaz.com
2026-01-29,BKKA,DMK,KKC,KKC,Thai Lion Air,SL,15:40,16:50,1ชม.10นาที,Direct,875,฿875,2026-01-20T19:33:26.882437,airpaz.com
2026-01-29,BKKA,DMK,KKC,KKC,Thai Lion Air,SL,18:15,19:20,1ชม.5นาที,Direct,875,฿875,2026-01-20T19:33:26.916541,airpaz.com
2026-01-29,BKKA,DMK,KKC,KKC,Thai Lion Air,SL,11:00,12:00,1ชม.0นาที,Direct,877,฿877,2026-01-20T19:33:26.951151,airpaz.com
2026-01-29,BKKA,BKK,KKC,KKC,Thai AirAsia,FD,11:10,12:30,1ชม.20นาที,Direct,970,฿970,2026-01-20T19:33:27.020701,airpaz.com
2026-01-29,BKKA,BKK,KKC,KKC,Thai AirAsia,FD,19:10,20:20,1ชม.10นาที,Direct,979,฿979,2026-01-20T19:33:27.072002,airpaz.com
2026-01-29,BKKA,DMK,KKC,KKC,Thai AirAsia,FD,17:45,18:50,1ชม.5นาที,Direct,998,฿998,2026-01-20T19:33:27.114139,airpaz.com
2026-01-29,BKKA,DMK,KKC,KKC,Thai AirAsia,FD,12:20,13:30,1ชม.10นาที,Direct,1003,"฿1,003",2026-01-20T19:33:27.154617,airpaz.com
2026-01-30,BKKA,DMK,KKC,KKC,Thai Lion Air,SL,08:00,09:10,1ชม.10นาที,Direct,869,฿869,2026-01-20T19:33:56.718398,airpaz.com
2026-01-30,BKKA,DMK,KKC,KKC,Thai Lion Air,SL,15:40,16:50,1ชม.10นาที,Direct,875,฿875,2026-01-20T19:33:56.753236,airpaz.com
2026-01-30,BKKA,DMK,KKC,KKC,Thai Lion Air,SL,11:00,12:00,1ชม.0นาที,Direct,877,฿877,2026-01-20T19:33:56.786044,airpaz.com
2026-01-30,BKKA,DMK,KKC,KKC,Thai AirAsia,FD,07:25,08:40,1ชม.15นาที,Direct,1011,"฿1,011",2026-01-20T19:33:56.819795,airpaz.com
2026-01-30,BKKA,BKK,KKC,KKC,Thai VietJet Air,VZ,07:05,08:10,1ชม.5นาที,Direct,1078,"฿1,078",2026-01-20T19:33:56.851523,airpaz.com
2026-01-30,BKKA,DMK,KKC,KKC,Thai AirAsia,FD,12:20,13:30,1ชม.10นาที,Direct,1241,"฿1,241",2026-01-20T19:33:56.884302,airpaz.com
2026-01-30,BKKA,BKK,KKC,KKC,Thai VietJet Air,VZ,17:25,18:30,1ชม.5นาที,Direct,1356,"฿1,356",2026-01-20T19:33:56.917409,airpaz.com
2026-01-30,BKKA,DMK,KKC,KKC,Thai AirAsia,FD,10:45,11:50,1ชม.5นาที,Direct,1633,"฿1,633",2026-01-20T19:33:56.949821,airpaz.com
2026-01-30,BKKA,BKK,KKC,KKC,Thai AirAsia,FD,11:10,12:30,1ชม.20นาที,Direct,1890,"฿1,890",2026-01-20T19:33:56.982118,airpaz.com
2026-01-30,BKKA,DMK,KKC,KKC,Thai AirAsia,FD,17:45,18:50,1ชม.5นาที,Direct,1901,"฿1,901",2026-01-20T19:33:57.015233,airpaz.com
2026-01-31,BKKA,DMK,KKC,KKC,Thai Lion Air,SL,08:00,09:10,1ชม.10นาที,Direct,869,฿869,2026-01-20T19:34:25.241820,airpaz.com
2026-01-31,BKKA,DMK,KKC,KKC,Thai Lion Air,SL,15:40,16:50,1ชม.10นาที,Direct,875,฿875,2026-01-20T19:34:25.284140,airpaz.com
2026-01-31,BKKA,DMK,KKC,KKC,Thai Lion Air,SL,18:15,19:20,1ชม.5นาที,Direct,875,฿875,2026-01-20T19:34:25.325674,airpaz.com
2026-01-31,BKKA,DMK,KKC,KKC,Thai Lion Air,SL,11:00,12:00,1ชม.0นาที,Direct,974,฿974,2026-01-20T19:34:25.365148,airpaz.com
2026-01-31,BKKA,DMK,KKC,KKC,Thai AirAsia,FD,19:05,20:10,1ชม.5นาที,Direct,1002,"฿1,002",2026-01-20T19:34:25.402838,airpaz.com
2026-01-31,BKKA,BKK,KKC,KKC,Thai VietJet Air,VZ,07:05,08:10,1ชม.5นาที,Direct,1203,"฿1,203",2026-01-20T19:34:25.441792,airpaz.com
2026-01-31,BKKA,BKK,KKC,KKC,Thai VietJet Air,VZ,17:25,18:30,1ชม.5นาที,Direct,1205,"฿1,205",2026-01-20T19:34:25.480152,airpaz.com
2026-01-31,BKKA,BKK,KKC,KKC,Thai AirAsia,FD,19:10,20:20,1ชม.10นาที,Direct,1517,"฿1,517",2026-01-20T19:34:25.511591,airpaz.com
2026-01-31,BKKA,DMK,KKC,KKC,Thai AirAsia,FD,15:45,16:45,1ชม.0นาที,Direct,1534,"฿1,534",2026-01-20T19:34:25.578139,airpaz.com
2026-01-31,BKKA,DMK,KKC,KKC,Thai AirAsia,FD,12:20,13:30,1ชม.10นาที,Direct,1623,"฿1,623",2026-01-20T19:34:25.618060,airpaz.com
2026-02-01,BKKA,BKK,KKC,KKC,Thai VietJet Air,VZ,07:05,08:10,1ชม.5นาที,Direct,847,฿847,2026-01-20T19:34:54.479316,airpaz.com
2026-02-01,BKKA,DMK,KKC,KKC,Thai Lion Air,SL,08:00,09:10,1ชม.10นาที,Direct,869,฿869,2026-01-20T19:34:54.520898,airpaz.com
2026-02-01,BKKA,DMK,KKC,KKC,Thai Lion Air,SL,15:40,16:50,1ชม.10นาที,Direct,875,฿875,2026-01-20T19:34:54.573647,airpaz.com
2026-02-01,BKKA,DMK,KKC,KKC,Thai Lion Air,SL,18:15,19:20,1ชม.5นาที,Direct,875,฿875,2026-01-20T19:34:54.635123,airpaz.com
2026-02-01,BKKA,DMK,KKC,KKC,Thai Lion Air,SL,11:10,12:10,1ชม.0นาที,Direct,877,฿877,2026-01-20T19:34:54.671153,airpaz.com
2026-02-01,BKKA,BKK,KKC,KKC,Thai VietJet Air,VZ,17:25,18:30,1ชม.5นาที,Direct,956,฿956,2026-01-20T19:34:54.707689,airpaz.com
2026-02-01,BKKA,BKK,KKC,KKC,Thai AirAsia,FD,11:10,12:30,1ชม.20นาที,Direct,970,฿970,2026-01-20T19:34:54.742879,airpaz.com
2026-02-01,BKKA,DMK,KKC,KKC,Thai AirAsia,FD,12:20,13:30,1ชม.10นาที,Direct,1003,"฿1,003",2026-01-20T19:34:54.780591,airpaz.com
2026-02-01,BKKA,DMK,KKC,KKC,Thai AirAsia,FD,10:45,11:50,1ชม.5นาที,Direct,1009,"฿1,009",2026-01-20T19:34:54.818828,airpaz.com
2026-02-01,BKKA,DMK,KKC,KKC,Thai AirAsia,FD,07:25,08:40,1ชม.15นาที,Direct,1011,"฿1,011",2026-01-20T19:34:54.857646,airpaz.com
2026-02-02,BKKA,BKK,KKC,KKC,Thai AirAsia,FD,11:10,12:30,1ชม.20นาที,Direct,824,฿824,2026-01-20T19:35:23.270167,airpaz.com
2026-02-02,BKKA,BKK,KKC,KKC,Thai AirAsia,FD,19:10,20:20,1ชม.10นาที,Direct,832,฿832,2026-01-20T19:35:23.307148,airpaz.com
2026-02-02,BKKA,BKK,KKC,KKC,Thai VietJet Air,VZ,07:05,08:10,1ชม.5นาที,Direct,847,฿847,2026-01-20T19:35:23.339519,airpaz.com
2026-02-02,BKKA,BKK,KKC,KKC,Thai VietJet Air,VZ,17:25,18:30,1ชม.5นาที,Direct,849,฿849,2026-01-20T19:35:23.370666,airpaz.com
2026-02-02,BKKA,DMK,KKC,KKC,Thai AirAsia,FD,17:45,18:50,1ชม.5นาที,Direct,856,฿856,2026-01-20T19:35:23.403774,airpaz.com
2026-02-02,BKKA,DMK,KKC,KKC,Thai AirAsia,FD,18:55,20:00,1ชม.5นาที,Direct,859,฿859,2026-01-20T19:35:23.434764,airpaz.com
2026-02-02,BKKA,DMK,KKC,KKC,Thai AirAsia,FD,12:20,13:30,1ชม.10นาที,Direct,860,฿860,2026-01-20T19:35:23.467442,airpaz.com
2026-02-02,BKKA,DMK,KKC,KKC,Thai AirAsia,FD,14:45,15:50,1ชม.5นาที,Direct,863,฿863,2026-01-20T19:35:23.557264,airpaz.com
2026-02-02,BKKA,DMK,KKC,KKC,Thai AirAsia,FD,10:45,11:50,1ชม.5นาที,Direct,865,฿865,2026-01-20T19:35:23.599968,airpaz.com
2026-02-02,BKKA,DMK,KKC,KKC,Thai AirAsia,FD,07:25,08:40,1ชม.15นาที,Direct,867,฿867,2026-01-20T19:35:23.635735,airpaz.com
2026-02-03,BKKA,BKK,KKC,KKC,Thai AirAsia,FD,11:10,12:30,1ชม.20นาที,Direct,824,฿824,2026-01-20T19:35:52.143535,airpaz.com
2026-02-03,BKKA,BKK,KKC,KKC,Thai AirAsia,FD,19:10,20:20,1ชม.10นาที,Direct,832,฿832,2026-01-20T19:35:52.179934,airpaz.com
2026-02-03,BKKA,DMK,KKC,KKC,Thai AirAsia,FD,17:45,18:50,1ชม.5นาที,Direct,856,฿856,2026-01-20T19:35:52.211139,airpaz.com
2026-02-03,BKKA,DMK,KKC,KKC,Thai AirAsia,FD,18:55,20:00,1ชม.5นาที,Direct,859,฿859,2026-01-20T19:35:52.246652,airpaz.com
2026-02-03,BKKA,DMK,KKC,KKC,Thai AirAsia,FD,12:20,13:30,1ชม.10นาที,Direct,860,฿860,2026-01-20T19:35:52.280788,airpaz.com
2026-02-03,BKKA,DMK,KKC,KKC,Thai AirAsia,FD,14:45,15:50,1ชม.5นาที,Direct,863,฿863,2026-01-20T19:35:52.314496,airpaz.com
2026-02-03,BKKA,DMK,KKC,KKC,Thai AirAsia,FD,10:45,11:50,1ชม.5นาที,Direct,865,฿865,2026-01-20T19:35:52.346653,airpaz.com
2026-02-03,BKKA,DMK,KKC,KKC,Thai AirAsia,FD,07:25,08:40,1ชม.15นาที,Direct,867,฿867,2026-01-20T19:35:52.422793,airpaz.com
2026-02-03,BKKA,DMK,KKC,KKC,Thai Lion Air,SL,08:00,09:10,1ชม.10นาที,Direct,869,฿869,2026-01-20T19:35:52.454937,airpaz.com
2026-02-03,BKKA,DMK,KKC,KKC,Thai Lion Air,SL,15:40,16:50,1ชม.10นาที,Direct,875,฿875,2026-01-20T19:35:52.490724,airpaz.com
2026-02-04,BKKA,BKK,KKC,KKC,Thai AirAsia,FD,11:10,12:30,1ชม.20นาที,Direct,824,฿824,2026-01-20T19:36:01.369034,airpaz.com
2026-02-04,BKKA,BKK,KKC,KKC,Thai AirAsia,FD,19:10,20:20,1ชม.10นาที,Direct,832,฿832,2026-01-20T19:36:01.437011,airpaz.com
2026-02-04,BKKA,BKK,KKC,KKC,Thai VietJet Air,VZ,07:05,08:10,1ชม.5นาที,Direct,848,฿848,2026-01-20T19:36:01.472770,airpaz.com
2026-02-04,BKKA,DMK,KKC,KKC,Thai AirAsia,FD,17:45,18:50,1ชม.5นาที,Direct,856,฿856,2026-01-20T19:36:01.510642,airpaz.com
2026-02-04,BKKA,DMK,KKC,KKC,Thai AirAsia,FD,18:55,20:00,1ชม.5นาที,Direct,859,฿859,2026-01-20T19:36:01.541681,airpaz.com
2026-02-04,BKKA,DMK,KKC,KKC,Thai AirAsia,FD,12:20,13:30,1ชม.10นาที,Direct,860,฿860,2026-01-20T19:36:01.575669,airpaz.com
2026-02-04,BKKA,DMK,KKC,KKC,Thai AirAsia,FD,14:45,15:50,1ชม.5นาที,Direct,863,฿863,2026-01-20T19:36:01.607991,airpaz.com
2026-02-04,BKKA,DMK,KKC,KKC,Thai AirAsia,FD,10:45,11:50,1ชม.5นาที,Direct,865,฿865,2026-01-20T19:36:01.641615,airpaz.com
2026-02-04,BKKA,DMK,KKC,KKC,Thai AirAsia,FD,07:25,08:40,1ชม.15นาที,Direct,867,฿867,2026-01-20T19:36:01.673800,airpaz.com
2026-02-04,BKKA,DMK,KKC,KKC,Thai Lion Air,SL,08:00,09:10,1ชม.10นาที,Direct,869,฿869,2026-01-20T19:36:01.707826,airpaz.com
2026-02-05,BKKA,BKK,KKC,KKC,Thai AirAsia,FD,11:10,12:30,1ชม.20นาที,Direct,824,฿824,2026-01-20T19:36:30.223108,airpaz.com
2026-02-05,BKKA,BKK,KKC,KKC,Thai AirAsia,FD,19:10,20:20,1ชม.10นาที,Direct,832,฿832,2026-01-20T19:36:30.261105,airpaz.com
2026-02-05,BKKA,BKK,KKC,KKC,Thai VietJet Air,VZ,07:05,08:10,1ชม.5นาที,Direct,847,฿847,2026-01-20T19:36:30.296429,airpaz.com
2026-02-05,BKKA,DMK,KKC,KKC,Thai AirAsia,FD,18:55,20:00,1ชม.5นาที,Direct,859,฿859,2026-01-20T19:36:30.332181,airpaz.com
2026-02-05,BKKA,DMK,KKC,KKC,Thai AirAsia,FD,12:20,13:30,1ชม.10นาที,Direct,860,฿860,2026-01-20T19:36:30.370658,airpaz.com
2026-02-05,BKKA,DMK,KKC,KKC,Thai AirAsia,FD,14:45,15:50,1ชม.5นาที,Direct,863,฿863,2026-01-20T19:36:30.405967,airpaz.com
2026-02-05,BKKA,DMK,KKC,KKC,Thai AirAsia,FD,10:45,11:50,1ชม.5นาที,Direct,865,฿865,2026-01-20T19:36:30.440473,airpaz.com
2026-02-05,BKKA,DMK,KKC,KKC,Thai AirAsia,FD,07:25,08:40,1ชม.15นาที,Direct,867,฿867,2026-01-20T19:36:30.479086,airpaz.com
2026-02-05,BKKA,DMK,KKC,KKC,Thai Lion Air,SL,08:00,09:10,1ชม.10นาที,Direct,869,฿869,2026-01-20T19:36:30.516297,airpaz.com
2026-02-05,BKKA,DMK,KKC,KKC,Thai Lion Air,SL,15:40,16:50,1ชม.10นาที,Direct,875,฿875,2026-01-20T19:36:30.560758,airpaz.com
2026-02-06,BKKA,BKK,KKC,KKC,Thai AirAsia,FD,11:10,12:30,1ชม.20นาที,Direct,824,฿824,2026-01-20T19:36:59.747983,airpaz.com
2026-02-06,BKKA,DMK,KKC,KKC,Thai AirAsia,FD,12:20,13:30,1ชม.10นาที,Direct,860,฿860,2026-01-20T19:36:59.788323,airpaz.com
2026-02-06,BKKA,DMK,KKC,KKC,Thai AirAsia,FD,10:45,11:50,1ชม.5นาที,Direct,865,฿865,2026-01-20T19:36:59.830518,airpaz.com
2026-02-06,BKKA,DMK,KKC,KKC,Thai AirAsia,FD,07:25,08:40,1ชม.15นาที,Direct,867,฿867,2026-01-20T19:36:59.867941,airpaz.com
2026-02-06,BKKA,DMK,KKC,KKC,Thai Lion Air,SL,08:00,09:10,1ชม.10นาที,Direct,869,฿869,2026-01-20T19:36:59.906681,airpaz.com
2026-02-06,BKKA,DMK,KKC,KKC,Thai Lion Air,SL,15:40,16:50,1ชม.10นาที,Direct,875,฿875,2026-01-20T19:36:59.949215,airpaz.com
2026-02-06,BKKA,DMK,KKC,KKC,Thai Lion Air,SL,11:00,12:00,1ชม.0นาที,Direct,877,฿877,2026-01-20T19:36:59.991027,airpaz.com
2026-02-06,BKKA,DMK,KKC,KKC,Thai AirAsia,FD,17:45,18:50,1ชม.5นาที,Direct,1093,"฿1,093",2026-01-20T19:37:00.034444,airpaz.com
2026-02-06,BKKA,DMK,KKC,KKC,Thai AirAsia,FD,14:45,15:50,1ชม.5นาที,Direct,1103,"฿1,103",2026-01-20T19:37:00.071957,airpaz.com
2026-02-06,BKKA,BKK,KKC,KKC,Thai AirAsia,FD,19:10,20:20,1ชม.10นาที,Direct,1173,"฿1,173",2026-01-20T19:37:00.109760,airpaz.com
2026-02-07,BKKA,BKK,KKC,KKC,Thai AirAsia,FD,11:10,12:30,1ชม.20นาที,Direct,824,฿824,2026-01-20T19:37:10.683305,airpaz.com
2026-02-07,BKKA,DMK,KKC,KKC,Thai AirAsia,FD,12:20,13:30,1ชม.10นาที,Direct,860,฿860,2026-01-20T19:37:10.716069,airpaz.com
2026-02-07,BKKA,DMK,KKC,KKC,Thai AirAsia,FD,10:45,11:50,1ชม.5นาที,Direct,865,฿865,2026-01-20T19:37:10.751005,airpaz.com
2026-02-07,BKKA,DMK,KKC,KKC,Thai AirAsia,FD,07:25,08:40,1ชม.15นาที,Direct,867,฿867,2026-01-20T19:37:10.787660,airpaz.com
2026-02-07,BKKA,DMK,KKC,KKC,Thai Lion Air,SL,08:00,09:10,1ชม.10นาที,Direct,869,฿869,2026-01-20T19:37:10.820117,airpaz.com
2026-02-07,BKKA,DMK,KKC,KKC,Thai Lion Air,SL,15:40,16:50,1ชม.10นาที,Direct,875,฿875,2026-01-20T19:37:10.852250,airpaz.com
2026-02-07,BKKA,DMK,KKC,KKC,Thai Lion Air,SL,11:00,12:00,1ชม.0นาที,Direct,877,฿877,2026-01-20T19:37:10.884510,airpaz.com
2026-02-07,BKKA,BKK,KKC,KKC,Thai VietJet Air,VZ,07:05,08:10,1ชม.5นาที,Direct,914,฿914,2026-01-20T19:37:10.918236,airpaz.com
2026-02-07,BKKA,DMK,KKC,KKC,Thai AirAsia,FD,17:45,18:50,1ชม.5นาที,Direct,1093,"฿1,093",2026-01-20T19:37:10.949393,airpaz.com
2026-02-07,BKKA,DMK,KKC,KKC,Thai AirAsia,FD,14:45,15:50,1ชม.5นาที,Direct,1103,"฿1,103",2026-01-20T19:37:10.984091,airpaz.com
2026-02-08,BKKA,DMK,KKC,KKC,Thai AirAsia,FD,17:45,18:50,1ชม.5นาที,Direct,856,฿856,2026-01-20T19:37:39.466306,airpaz.com
2026-02-08,BKKA,DMK,KKC,KKC,Thai AirAsia,FD,18:55,20:00,1ชม.5นาที,Direct,859,฿859,2026-01-20T19:37:39.514974,airpaz.com
2026-02-08,BKKA,DMK,KKC,KKC,Thai AirAsia,FD,12:20,13:30,1ชม.10นาที,Direct,860,฿860,2026-01-20T19:37:39.592862,airpaz.com
2026-02-08,BKKA,DMK,KKC,KKC,Thai AirAsia,FD,14:45,15:50,1ชม.5นาที,Direct,863,฿863,2026-01-20T19:37:39.654216,airpaz.com
2026-02-08,BKKA,DMK,KKC,KKC,Thai AirAsia,FD,10:45,11:50,1ชม.5นาที,Direct,865,฿865,2026-01-20T19:37:39.702317,airpaz.com
2026-02-08,BKKA,DMK,KKC,KKC,Thai AirAsia,FD,07:25,08:40,1ชม.15นาที,Direct,867,฿867,2026-01-20T19:37:39.742055,airpaz.com
2026-02-08,BKKA,DMK,KKC,KKC,Thai Lion Air,SL,08:00,09:10,1ชม.10นาที,Direct,869,฿869,2026-01-20T19:37:39.797957,airpaz.com
2026-02-08,BKKA,DMK,KKC,KKC,Thai Lion Air,SL,15:40,16:50,1ชม.10นาที,Direct,875,฿875,2026-01-20T19:37:39.832248,airpaz.com
2026-02-08,BKKA,DMK,KKC,KKC,Thai Lion Air,SL,18:15,19:20,1ชม.5นาที,Direct,875,฿875,2026-01-20T19:37:39.867991,airpaz.com
2026-02-09,BKKA,BKK,KKC,KKC,Thai AirAsia,FD,11:10,12:30,1ชม.20นาที,Direct,824,฿824,2026-01-20T19:38:08.285742,airpaz.com
2026-02-09,BKKA,BKK,KKC,KKC,Thai AirAsia,FD,19:10,20:20,1ชม.10นาที,Direct,832,฿832,2026-01-20T19:38:08.320530,airpaz.com
2026-02-09,BKKA,DMK,KKC,KKC,Thai AirAsia,FD,17:45,18:50,1ชม.5นาที,Direct,856,฿856,2026-01-20T19:38:08.355469,airpaz.com
2026-02-09,BKKA,DMK,KKC,KKC,Thai AirAsia,FD,18:55,20:00,1ชม.5นาที,Direct,859,฿859,2026-01-20T19:38:08.431977,airpaz.com
2026-02-09,BKKA,DMK,KKC,KKC,Thai AirAsia,FD,12:20,13:30,1ชม.10นาที,Direct,860,฿860,2026-01-20T19:38:08.467550,airpaz.com
2026-02-09,BKKA,DMK,KKC,KKC,Thai AirAsia,FD,14:45,15:50,1ชม.5นาที,Direct,863,฿863,2026-01-20T19:38:08.501921,airpaz.com
2026-02-09,BKKA,DMK,KKC,KKC,Thai AirAsia,FD,10:45,11:50,1ชม.5นาที,Direct,865,฿865,2026-01-20T19:38:08.533676,airpaz.com
2026-02-09,BKKA,DMK,KKC,KKC,Thai AirAsia,FD,07:25,08:40,1ชม.15นาที,Direct,867,฿867,2026-01-20T19:38:08.565323,airpaz.com
2026-02-09,BKKA,DMK,KKC,KKC,Thai Lion Air,SL,08:00,09:10,1ชม.10นาที,Direct,869,฿869,2026-01-20T19:38:08.598954,airpaz.com
2026-02-09,BKKA,DMK,KKC,KKC,Thai Lion Air,SL,15:40,16:50,1ชม.10นาที,Direct,875,฿875,2026-01-20T19:38:08.632399,airpaz.com
2026-02-10,BKKA,BKK,KKC,KKC,Thai AirAsia,FD,11:10,12:30,1ชม.20นาที,Direct,824,฿824,2026-01-20T19:38:17.349334,airpaz.com
2026-02-10,BKKA,BKK,KKC,KKC,Thai AirAsia,FD,19:10,20:20,1ชม.10นาที,Direct,832,฿832,2026-01-20T19:38:17.381041,airpaz.com
2026-02-10,BKKA,DMK,KKC,KKC,Thai AirAsia,FD,17:45,18:50,1ชม.5นาที,Direct,856,฿856,2026-01-20T19:38:17.413511,airpaz.com
2026-02-10,BKKA,DMK,KKC,KKC,Thai AirAsia,FD,18:55,20:00,1ชม.5นาที,Direct,859,฿859,2026-01-20T19:38:17.446994,airpaz.com
2026-02-10,BKKA,DMK,KKC,KKC,Thai AirAsia,FD,12:20,13:30,1ชม.10นาที,Direct,860,฿860,2026-01-20T19:38:17.480401,airpaz.com
2026-02-10,BKKA,BKK,KKC,KKC,Thai VietJet Air,VZ,07:05,08:10,1ชม.5นาที,Direct,861,฿861,2026-01-20T19:38:17.512824,airpaz.com
2026-02-10,BKKA,DMK,KKC,KKC,Thai AirAsia,FD,14:45,15:50,1ชม.5นาที,Direct,863,฿863,2026-01-20T19:38:17.545342,airpaz.com
2026-02-10,BKKA,DMK,KKC,KKC,Thai AirAsia,FD,10:45,11:50,1ชม.5นาที,Direct,865,฿865,2026-01-20T19:38:17.583323,airpaz.com
2026-02-10,BKKA,DMK,KKC,KKC,Thai AirAsia,FD,07:25,08:40,1ชม.15นาที,Direct,867,฿867,2026-01-20T19:38:17.627904,airpaz.com
2026-02-10,BKKA,DMK,KKC,KKC,Thai Lion Air,SL,08:00,09:10,1ชม.10นาที,Direct,869,฿869,2026-01-20T19:38:17.661093,airpaz.com
2026-02-11,BKKA,BKK,KKC,KKC,Thai AirAsia,FD,11:10,12:30,1ชม.20นาที,Direct,824,฿824,2026-01-20T19:38:46.156227,airpaz.com
2026-02-11,BKKA,BKK,KKC,KKC,Thai AirAsia,FD,19:10,20:20,1ชม.10นาที,Direct,832,฿832,2026-01-20T19:38:46.191164,airpaz.com
2026-02-11,BKKA,DMK,KKC,KKC,Thai AirAsia,FD,17:45,18:50,1ชม.5นาที,Direct,856,฿856,2026-01-20T19:38:46.223448,airpaz.com
2026-02-11,BKKA,DMK,KKC,KKC,Thai AirAsia,FD,18:55,20:00,1ชม.5นาที,Direct,859,฿859,2026-01-20T19:38:46.255866,airpaz.com
2026-02-11,BKKA,DMK,KKC,KKC,Thai AirAsia,FD,12:20,13:30,1ชม.10นาที,Direct,860,฿860,2026-01-20T19:38:46.289369,airpaz.com
2026-02-11,BKKA,BKK,KKC,KKC,Thai VietJet Air,VZ,07:05,08:10,1ชม.5นาที,Direct,861,฿861,2026-01-20T19:38:46.322729,airpaz.com
2026-02-11,BKKA,BKK,KKC,KKC,Thai VietJet Air,VZ,17:25,18:30,1ชม.5นาที,Direct,862,฿862,2026-01-20T19:38:46.355942,airpaz.com
2026-02-11,BKKA,DMK,KKC,KKC,Thai AirAsia,FD,14:45,15:50,1ชม.5นาที,Direct,863,฿863,2026-01-20T19:38:46.403218,airpaz.com
2026-02-11,BKKA,DMK,KKC,KKC,Thai AirAsia,FD,10:45,11:50,1ชม.5นาที,Direct,865,฿865,2026-01-20T19:38:46.469753,airpaz.com
2026-02-11,BKKA,DMK,KKC,KKC,Thai AirAsia,FD,07:25,08:40,1ชม.15นาที,Direct,867,฿867,2026-01-20T19:38:46.506766,airpaz.com
2026-02-12,BKKA,BKK,KKC,KKC,Thai AirAsia,FD,11:10,12:30,1ชม.20นาที,Direct,824,฿824,2026-01-20T19:39:15.075614,airpaz.com
2026-02-12,BKKA,BKK,KKC,KKC,Thai AirAsia,FD,19:10,20:20,1ชม.10นาที,Direct,832,฿832,2026-01-20T19:39:15.112205,airpaz.com
2026-02-12,BKKA,DMK,KKC,KKC,Thai AirAsia,FD,17:45,18:50,1ชม.5นาที,Direct,856,฿856,2026-01-20T19:39:15.145595,airpaz.com
2026-02-12,BKKA,DMK,KKC,KKC,Thai AirAsia,FD,18:55,20:00,1ชม.5นาที,Direct,859,฿859,2026-01-20T19:39:15.182228,airpaz.com
2026-02-12,BKKA,DMK,KKC,KKC,Thai AirAsia,FD,12:20,13:30,1ชม.10นาที,Direct,860,฿860,2026-01-20T19:39:15.214164,airpaz.com
2026-02-12,BKKA,DMK,KKC,KKC,Thai AirAsia,FD,14:45,15:50,1ชม.5นาที,Direct,863,฿863,2026-01-20T19:39:15.246189,airpaz.com
2026-02-12,BKKA,DMK,KKC,KKC,Thai AirAsia,FD,10:45,11:50,1ชม.5นาที,Direct,865,฿865,2026-01-20T19:39:15.277892,airpaz.com
2026-02-12,BKKA,DMK,KKC,KKC,Thai AirAsia,FD,07:25,08:40,1ชม.15นาที,Direct,867,฿867,2026-01-20T19:39:15.310142,airpaz.com
2026-02-12,BKKA,DMK,KKC,KKC,Thai Lion Air,SL,08:00,09:10,1ชม.10นาที,Direct,869,฿869,2026-01-20T19:39:15.342144,airpaz.com
2026-02-12,BKKA,DMK,KKC,KKC,Thai Lion Air,SL,15:40,16:50,1ชม.10นาที,Direct,875,฿875,2026-01-20T19:39:15.375098,airpaz.com
2026-02-13,BKKA,BKK,KKC,KKC,Thai AirAsia,FD,11:10,12:30,1ชม.20นาที,Direct,824,฿824,2026-01-20T19:39:27.368051,airpaz.com
2026-02-13,BKKA,BKK,KKC,KKC,Thai AirAsia,FD,19:10,20:20,1ชม.10นาที,Direct,832,฿832,2026-01-20T19:39:27.399522,airpaz.com
2026-02-13,BKKA,DMK,KKC,KKC,Thai AirAsia,FD,17:45,18:50,1ชม.5นาที,Direct,856,฿856,2026-01-20T19:39:27.431096,airpaz.com
2026-02-13,BKKA,DMK,KKC,KKC,Thai AirAsia,FD,18:55,20:00,1ชม.5นาที,Direct,859,฿859,2026-01-20T19:39:27.463604,airpaz.com
2026-02-13,BKKA,DMK,KKC,KKC,Thai AirAsia,FD,12:20,13:30,1ชม.10นาที,Direct,860,฿860,2026-01-20T19:39:27.496249,airpaz.com
2026-02-13,BKKA,BKK,KKC,KKC,Thai VietJet Air,VZ,07:05,08:10,1ชม.5นาที,Direct,861,฿861,2026-01-20T19:39:27.535645,airpaz.com
2026-02-13,BKKA,BKK,KKC,KKC,Thai VietJet Air,VZ,17:25,18:30,1ชม.5นาที,Direct,862,฿862,2026-01-20T19:39:27.568929,airpaz.com
2026-02-13,BKKA,DMK,KKC,KKC,Thai AirAsia,FD,14:45,15:50,1ชม.5นาที,Direct,863,฿863,2026-01-20T19:39:27.600198,airpaz.com
2026-02-13,BKKA,DMK,KKC,KKC,Thai AirAsia,FD,10:45,11:50,1ชม.5นาที,Direct,865,฿865,2026-01-20T19:39:27.633494,airpaz.com
2026-02-13,BKKA,DMK,KKC,KKC,Thai AirAsia,FD,07:25,08:40,1ชม.15นาที,Direct,867,฿867,2026-01-20T19:39:27.668030,airpaz.com
2026-02-14,BKKA,BKK,KKC,KKC,Thai AirAsia,FD,11:10,12:30,1ชม.20นาที,Direct,824,฿824,2026-01-20T19:41:02.904948,airpaz.com
2026-02-14,BKKA,BKK,KKC,KKC,Thai AirAsia,FD,19:10,20:20,1ชม.10นาที,Direct,832,฿832,2026-01-20T19:41:02.958784,airpaz.com
2026-02-14,BKKA,DMK,KKC,KKC,Thai AirAsia,FD,17:45,18:50,1ชม.5นาที,Direct,856,฿856,2026-01-20T19:41:02.997621,airpaz.com
2026-02-14,BKKA,DMK,KKC,KKC,Thai AirAsia,FD,18:55,20:00,1ชม.5นาที,Direct,859,฿859,2026-01-20T19:41:03.034250,airpaz.com
2026-02-14,BKKA,DMK,KKC,KKC,Thai AirAsia,FD,12:20,13:30,1ชม.10นาที,Direct,860,฿860,2026-01-20T19:41:03.070056,airpaz.com
2026-02-14,BKKA,DMK,KKC,KKC,Thai AirAsia,FD,14:45,15:50,1ชม.5นาที,Direct,863,฿863,2026-01-20T19:41:03.102892,airpaz.com
2026-02-14,BKKA,DMK,KKC,KKC,Thai AirAsia,FD,10:45,11:50,1ชม.5นาที,Direct,865,฿865,2026-01-20T19:41:03.135890,airpaz.com
2026-02-14,BKKA,DMK,KKC,KKC,Thai AirAsia,FD,07:25,08:40,1ชม.15นาที,Direct,867,฿867,2026-01-20T19:41:03.167803,airpaz.com
2026-02-14,BKKA,DMK,KKC,KKC,Thai Lion Air,SL,08:00,09:10,1ชม.10นาที,Direct,869,฿869,2026-01-20T19:41:03.196920,airpaz.com
2026-02-14,BKKA,DMK,KKC,KKC,Thai Lion Air,SL,18:15,19:20,1ชม.5นาที,Direct,875,฿875,2026-01-20T19:41:03.232088,airpaz.com
2026-02-15,BKKA,DMK,KKC,KKC,Thai AirAsia,FD,17:45,18:50,1ชม.5นาที,Direct,856,฿856,2026-01-20T19:41:31.851232,airpaz.com
2026-02-15,BKKA,DMK,KKC,KKC,Thai AirAsia,FD,18:55,20:00,1ชม.5นาที,Direct,859,฿859,2026-01-20T19:41:31.885726,airpaz.com
2026-02-15,BKKA,DMK,KKC,KKC,Thai AirAsia,FD,12:20,13:30,1ชม.10นาที,Direct,860,฿860,2026-01-20T19:41:31.928808,airpaz.com
2026-02-15,BKKA,BKK,KKC,KKC,Thai VietJet Air,VZ,07:05,08:10,1ชม.5นาที,Direct,861,฿861,2026-01-20T19:41:31.962802,airpaz.com
2026-02-15,BKKA,DMK,KKC,KKC,Thai AirAsia,FD,14:45,15:50,1ชม.5นาที,Direct,863,฿863,2026-01-20T19:41:31.995855,airpaz.com
2026-02-15,BKKA,DMK,KKC,KKC,Thai AirAsia,FD,10:45,11:50,1ชม.5นาที,Direct,865,฿865,2026-01-20T19:41:32.030874,airpaz.com
2026-02-15,BKKA,DMK,KKC,KKC,Thai AirAsia,FD,07:25,08:40,1ชม.15นาที,Direct,867,฿867,2026-01-20T19:41:32.089161,airpaz.com
2026-02-15,BKKA,DMK,KKC,KKC,Thai Lion Air,SL,08:00,09:10,1ชม.10นาที,Direct,869,฿869,2026-01-20T19:41:32.145697,airpaz.com
2026-02-15,BKKA,DMK,KKC,KKC,Thai Lion Air,SL,15:40,16:50,1ชม.10นาที,Direct,875,฿875,2026-01-20T19:41:32.186826,airpaz.com
2026-02-15,BKKA,DMK,KKC,KKC,Thai Lion Air,SL,18:15,19:20,1ชม.5นาที,Direct,875,฿875,2026-01-20T19:41:32.220887,airpaz.com
2026-02-16,BKKA,BKK,KKC,KKC,Thai AirAsia,FD,11:10,12:30,1ชม.20นาที,Direct,824,฿824,2026-01-20T19:42:00.540512,airpaz.com
2026-02-16,BKKA,BKK,KKC,KKC,Thai AirAsia,FD,19:10,20:20,1ชม.10นาที,Direct,832,฿832,2026-01-20T19:42:00.575303,airpaz.com
2026-02-16,BKKA,DMK,KKC,KKC,Thai AirAsia,FD,17:45,18:50,1ชม.5นาที,Direct,856,฿856,2026-01-20T19:42:00.609766,airpaz.com
2026-02-16,BKKA,DMK,KKC,KKC,Thai AirAsia,FD,18:55,20:00,1ชม.5นาที,Direct,859,฿859,2026-01-20T19:42:00.645615,airpaz.com
2026-02-16,BKKA,DMK,KKC,KKC,Thai AirAsia,FD,12:20,13:30,1ชม.10นาที,Direct,860,฿860,2026-01-20T19:42:00.680383,airpaz.com
2026-02-16,BKKA,DMK,KKC,KKC,Thai AirAsia,FD,14:45,15:50,1ชม.5นาที,Direct,863,฿863,2026-01-20T19:42:00.721048,airpaz.com
2026-02-16,BKKA,DMK,KKC,KKC,Thai AirAsia,FD,10:45,11:50,1ชม.5นาที,Direct,865,฿865,2026-01-20T19:42:00.759476,airpaz.com
2026-02-16,BKKA,DMK,KKC,KKC,Thai AirAsia,FD,07:25,08:40,1ชม.15นาที,Direct,867,฿867,2026-01-20T19:42:00.826813,airpaz.com
2026-02-16,BKKA,DMK,KKC,KKC,Thai Lion Air,SL,08:00,09:10,1ชม.10นาที,Direct,869,฿869,2026-01-20T19:42:00.868649,airpaz.com
2026-02-16,BKKA,DMK,KKC,KKC,Thai Lion Air,SL,15:40,16:50,1ชม.10นาที,Direct,875,฿875,2026-01-20T19:42:00.902224,airpaz.com
2026-02-17,BKKA,BKK,KKC,KKC,Thai VietJet Air,VZ,07:05,08:10,1ชม.5นาที,Direct,599,฿599,2026-01-20T19:42:29.337942,airpaz.com
2026-02-17,BKKA,BKK,KKC,KKC,Thai AirAsia,FD,11:10,12:30,1ชม.20นาที,Direct,824,฿824,2026-01-20T19:42:29.408858,airpaz.com
2026-02-17,BKKA,BKK,KKC,KKC,Thai AirAsia,FD,19:10,20:20,1ชม.10นาที,Direct,832,฿832,2026-01-20T19:42:29.443835,airpaz.com
2026-02-17,BKKA,DMK,KKC,KKC,Thai AirAsia,FD,17:45,18:50,1ชม.5นาที,Direct,856,฿856,2026-01-20T19:42:29.478043,airpaz.com
2026-02-17,BKKA,DMK,KKC,KKC,Thai AirAsia,FD,18:55,20:00,1ชม.5นาที,Direct,859,฿859,2026-01-20T19:42:29.513196,airpaz.com
2026-02-17,BKKA,DMK,KKC,KKC,Thai AirAsia,FD,12:20,13:30,1ชม.10นาที,Direct,860,฿860,2026-01-20T19:42:29.549730,airpaz.com
2026-02-17,BKKA,DMK,KKC,KKC,Thai AirAsia,FD,14:45,15:50,1ชม.5นาที,Direct,863,฿863,2026-01-20T19:42:29.583630,airpaz.com
2026-02-17,BKKA,DMK,KKC,KKC,Thai AirAsia,FD,10:45,11:50,1ชม.5นาที,Direct,865,฿865,2026-01-20T19:42:29.619297,airpaz.com
2026-02-17,BKKA,DMK,KKC,KKC,Thai AirAsia,FD,07:25,08:40,1ชม.15นาที,Direct,867,฿867,2026-01-20T19:42:29.652555,airpaz.com
2026-02-17,BKKA,DMK,KKC,KKC,Thai Lion Air,SL,08:00,09:10,1ชม.10นาที,Direct,869,฿869,2026-01-20T19:42:29.684129,airpaz.com
2026-02-18,BKKA,BKK,KKC,KKC,Thai VietJet Air,VZ,07:05,08:10,1ชม.5นาที,Direct,599,฿599,2026-01-20T19:42:57.948860,airpaz.com
2026-02-18,BKKA,BKK,KKC,KKC,Thai AirAsia,FD,11:10,12:30,1ชม.20นาที,Direct,824,฿824,2026-01-20T19:42:57.980890,airpaz.com
2026-02-18,BKKA,BKK,KKC,KKC,Thai AirAsia,FD,19:10,20:20,1ชม.10นาที,Direct,832,฿832,2026-01-20T19:42:58.013331,airpaz.com
2026-02-18,BKKA,DMK,KKC,KKC,Thai AirAsia,FD,17:45,18:50,1ชม.5นาที,Direct,856,฿856,2026-01-20T19:42:58.043795,airpaz.com
2026-02-18,BKKA,DMK,KKC,KKC,Thai AirAsia,FD,18:55,20:00,1ชม.5นาที,Direct,859,฿859,2026-01-20T19:42:58.102173,airpaz.com
2026-02-18,BKKA,DMK,KKC,KKC,Thai AirAsia,FD,12:20,13:30,1ชม.10นาที,Direct,860,฿860,2026-01-20T19:42:58.137755,airpaz.com
2026-02-18,BKKA,BKK,KKC,KKC,Thai VietJet Air,VZ,17:25,18:30,1ชม.5นาที,Direct,862,฿862,2026-01-20T19:42:58.176995,airpaz.com
2026-02-18,BKKA,DMK,KKC,KKC,Thai AirAsia,FD,14:45,15:50,1ชม.5นาที,Direct,863,฿863,2026-01-20T19:42:58.212161,airpaz.com
2026-02-18,BKKA,DMK,KKC,KKC,Thai AirAsia,FD,10:45,11:50,1ชม.5นาที,Direct,865,฿865,2026-01-20T19:42:58.242233,airpaz.com
2026-02-18,BKKA,DMK,KKC,KKC,Thai AirAsia,FD,07:25,08:40,1ชม.15นาที,Direct,867,฿867,2026-01-20T19:42:58.274163,airpaz.com
2026-02-19,BKKA,BKK,KKC,KKC,Thai VietJet Air,VZ,07:05,08:10,1ชม.5นาที,Direct,599,฿599,2026-01-20T19:43:04.769920,airpaz.com
2026-02-19,BKKA,BKK,KKC,KKC,Thai AirAsia,FD,11:10,12:30,1ชม.20นาที,Direct,824,฿824,2026-01-20T19:43:04.800137,airpaz.com
2026-02-19,BKKA,BKK,KKC,KKC,Thai AirAsia,FD,19:10,20:20,1ชม.10นาที,Direct,832,฿832,2026-01-20T19:43:04.837548,airpaz.com
2026-02-19,BKKA,DMK,KKC,KKC,Thai AirAsia,FD,17:45,18:50,1ชม.5นาที,Direct,856,฿856,2026-01-20T19:43:04.869032,airpaz.com
2026-02-19,BKKA,DMK,KKC,KKC,Thai AirAsia,FD,18:55,20:00,1ชม.5นาที,Direct,859,฿859,2026-01-20T19:43:04.902552,airpaz.com
2026-02-19,BKKA,DMK,KKC,KKC,Thai AirAsia,FD,12:20,13:30,1ชม.10นาที,Direct,860,฿860,2026-01-20T19:43:04.934085,airpaz.com
2026-02-19,BKKA,BKK,KKC,KKC,Thai VietJet Air,VZ,17:25,18:30,1ชม.5นาที,Direct,862,฿862,2026-01-20T19:43:04.968254,airpaz.com
2026-02-19,BKKA,DMK,KKC,KKC,Thai AirAsia,FD,14:45,15:50,1ชม.5นาที,Direct,863,฿863,2026-01-20T19:43:04.999847,airpaz.com
2026-02-19,BKKA,DMK,KKC,KKC,Thai AirAsia,FD,10:45,11:50,1ชม.5นาที,Direct,865,฿865,2026-01-20T19:43:05.034162,airpaz.com
2026-02-19,BKKA,DMK,KKC,KKC,Thai AirAsia,FD,07:25,08:40,1ชม.15นาที,Direct,867,฿867,2026-01-20T19:43:05.065536,airpaz.com
2026-02-20,BKKA,BKK,KKC,KKC,Thai AirAsia,FD,11:10,12:30,1ชม.20นาที,Direct,824,฿824,2026-01-20T19:43:33.662432,airpaz.com
2026-02-20,BKKA,BKK,KKC,KKC,Thai AirAsia,FD,19:10,20:20,1ชม.10นาที,Direct,832,฿832,2026-01-20T19:43:33.697677,airpaz.com
2026-02-20,BKKA,DMK,KKC,KKC,Thai AirAsia,FD,17:45,18:50,1ชม.5นาที,Direct,856,฿856,2026-01-20T19:43:33.731853,airpaz.com
2026-02-20,BKKA,DMK,KKC,KKC,Thai AirAsia,FD,18:55,20:00,1ชม.5นาที,Direct,859,฿859,2026-01-20T19:43:33.765557,airpaz.com
2026-02-20,BKKA,DMK,KKC,KKC,Thai AirAsia,FD,12:20,13:30,1ชม.10นาที,Direct,860,฿860,2026-01-20T19:43:33.800457,airpaz.com
2026-02-20,BKKA,DMK,KKC,KKC,Thai AirAsia,FD,14:45,15:50,1ชม.5นาที,Direct,863,฿863,2026-01-20T19:43:33.835594,airpaz.com
2026-02-20,BKKA,DMK,KKC,KKC,Thai AirAsia,FD,10:45,11:50,1ชม.5นาที,Direct,865,฿865,2026-01-20T19:43:33.868667,airpaz.com
2026-02-20,BKKA,DMK,KKC,KKC,Thai AirAsia,FD,07:25,08:40,1ชม.15นาที,Direct,867,฿867,2026-01-20T19:43:33.901066,airpaz.com
2026-02-20,BKKA,DMK,KKC,KKC,Thai Lion Air,SL,08:00,09:10,1ชม.10นาที,Direct,869,฿869,2026-01-20T19:43:33.937331,airpaz.com
2026-02-20,BKKA,DMK,KKC,KKC,Thai Lion Air,SL,15:40,16:50,1ชม.10นาที,Direct,875,฿875,2026-01-20T19:43:33.998995,airpaz.com
2026-02-21,BKKA,BKK,KKC,KKC,Thai AirAsia,FD,11:10,12:30,1ชม.20นาที,Direct,824,฿824,2026-01-20T19:43:41.996787,airpaz.com
2026-02-21,BKKA,BKK,KKC,KKC,Thai AirAsia,FD,19:10,20:20,1ชม.10นาที,Direct,832,฿832,2026-01-20T19:43:42.038924,airpaz.com
2026-02-21,BKKA,DMK,KKC,KKC,Thai AirAsia,FD,17:45,18:50,1ชม.5นาที,Direct,856,฿856,2026-01-20T19:43:42.072845,airpaz.com
2026-02-21,BKKA,DMK,KKC,KKC,Thai AirAsia,FD,18:55,20:00,1ชม.5นาที,Direct,859,฿859,2026-01-20T19:43:42.104118,airpaz.com
2026-02-21,BKKA,DMK,KKC,KKC,Thai AirAsia,FD,12:20,13:30,1ชม.10นาที,Direct,860,฿860,2026-01-20T19:43:42.137071,airpaz.com
2026-02-21,BKKA,BKK,KKC,KKC,Thai VietJet Air,VZ,17:25,18:30,1ชม.5นาที,Direct,862,฿862,2026-01-20T19:43:42.169248,airpaz.com
2026-02-21,BKKA,DMK,KKC,KKC,Thai AirAsia,FD,14:45,15:50,1ชม.5นาที,Direct,863,฿863,2026-01-20T19:43:42.204955,airpaz.com
2026-02-21,BKKA,DMK,KKC,KKC,Thai AirAsia,FD,10:45,11:50,1ชม.5นาที,Direct,865,฿865,2026-01-20T19:43:42.243574,airpaz.com
2026-02-21,BKKA,DMK,KKC,KKC,Thai AirAsia,FD,07:25,08:40,1ชม.15นาที,Direct,867,฿867,2026-01-20T19:43:42.274578,airpaz.com
2026-02-21,BKKA,DMK,KKC,KKC,Thai Lion Air,SL,08:00,09:10,1ชม.10นาที,Direct,869,฿869,2026-01-20T19:43:42.320810,airpaz.com
2026-02-22,BKKA,BKK,KKC,KKC,Thai AirAsia,FD,11:10,12:30,1ชม.20นาที,Direct,824,฿824,2026-01-20T19:44:11.142565,airpaz.com
2026-02-22,BKKA,BKK,KKC,KKC,Thai AirAsia,FD,19:10,20:20,1ชม.10นาที,Direct,832,฿832,2026-01-20T19:44:11.173616,airpaz.com
2026-02-22,BKKA,DMK,KKC,KKC,Thai AirAsia,FD,17:45,18:50,1ชม.5นาที,Direct,856,฿856,2026-01-20T19:44:11.269286,airpaz.com
2026-02-22,BKKA,DMK,KKC,KKC,Thai AirAsia,FD,18:55,20:00,1ชม.5นาที,Direct,859,฿859,2026-01-20T19:44:11.318450,airpaz.com
2026-02-22,BKKA,DMK,KKC,KKC,Thai AirAsia,FD,12:20,13:30,1ชม.10นาที,Direct,860,฿860,2026-01-20T19:44:11.354550,airpaz.com
2026-02-22,BKKA,DMK,KKC,KKC,Thai AirAsia,FD,14:45,15:50,1ชม.5นาที,Direct,863,฿863,2026-01-20T19:44:11.387821,airpaz.com
2026-02-22,BKKA,DMK,KKC,KKC,Thai AirAsia,FD,10:45,11:50,1ชม.5นาที,Direct,865,฿865,2026-01-20T19:44:11.422936,airpaz.com
2026-02-22,BKKA,DMK,KKC,KKC,Thai AirAsia,FD,07:25,08:40,1ชม.15นาที,Direct,867,฿867,2026-01-20T19:44:11.456590,airpaz.com
2026-02-23,BKKA,BKK,KKC,KKC,Thai AirAsia,FD,11:10,12:30,1ชม.20นาที,Direct,824,฿824,2026-01-20T19:44:40.242281,airpaz.com
2026-02-23,BKKA,BKK,KKC,KKC,Thai AirAsia,FD,19:10,20:20,1ชม.10นาที,Direct,832,฿832,2026-01-20T19:44:40.277962,airpaz.com
2026-02-23,BKKA,DMK,KKC,KKC,Thai AirAsia,FD,17:45,18:50,1ชม.5นาที,Direct,856,฿856,2026-01-20T19:44:40.310301,airpaz.com
2026-02-23,BKKA,DMK,KKC,KKC,Thai AirAsia,FD,18:55,20:00,1ชม.5นาที,Direct,859,฿859,2026-01-20T19:44:40.346813,airpaz.com
2026-02-23,BKKA,DMK,KKC,KKC,Thai AirAsia,FD,12:20,13:30,1ชม.10นาที,Direct,860,฿860,2026-01-20T19:44:40.379982,airpaz.com
2026-02-23,BKKA,DMK,KKC,KKC,Thai AirAsia,FD,14:45,15:50,1ชม.5นาที,Direct,863,฿863,2026-01-20T19:44:40.421116,airpaz.com
2026-02-23,BKKA,DMK,KKC,KKC,Thai AirAsia,FD,10:45,11:50,1ชม.5นาที,Direct,865,฿865,2026-01-20T19:44:40.459933,airpaz.com
2026-02-23,BKKA,DMK,KKC,KKC,Thai AirAsia,FD,07:25,08:40,1ชม.15นาที,Direct,867,฿867,2026-01-20T19:44:40.496707,airpaz.com
2026-02-23,BKKA,DMK,KKC,KKC,Thai Lion Air,SL,08:00,09:10,1ชม.10นาที,Direct,869,฿869,2026-01-20T19:44:40.531984,airpaz.com
2026-02-23,BKKA,DMK,KKC,KKC,Thai Lion Air,SL,11:00,12:00,1ชม.0นาที,Direct,877,฿877,2026-01-20T19:44:40.563967,airpaz.com
2026-02-24,BKKA,BKK,KKC,KKC,Thai AirAsia,FD,11:10,12:30,1ชม.20นาที,Direct,824,฿824,2026-01-20T19:44:44.216320,airpaz.com
2026-02-24,BKKA,BKK,KKC,KKC,Thai AirAsia,FD,19:10,20:20,1ชม.10นาที,Direct,832,฿832,2026-01-20T19:44:44.255707,airpaz.com
2026-02-24,BKKA,DMK,KKC,KKC,Thai AirAsia,FD,17:45,18:50,1ชม.5นาที,Direct,856,฿856,2026-01-20T19:44:44.295464,airpaz.com
2026-02-24,BKKA,DMK,KKC,KKC,Thai AirAsia,FD,18:55,20:00,1ชม.5นาที,Direct,859,฿859,2026-01-20T19:44:44.332098,airpaz.com
2026-02-24,BKKA,DMK,KKC,KKC,Thai AirAsia,FD,12:20,13:30,1ชม.10นาที,Direct,860,฿860,2026-01-20T19:44:44.367701,airpaz.com
2026-02-24,BKKA,DMK,KKC,KKC,Thai AirAsia,FD,14:45,15:50,1ชม.5นาที,Direct,863,฿863,2026-01-20T19:44:44.409792,airpaz.com
2026-02-24,BKKA,DMK,KKC,KKC,Thai AirAsia,FD,10:45,11:50,1ชม.5นาที,Direct,865,฿865,2026-01-20T19:44:44.445262,airpaz.com
2026-02-24,BKKA,DMK,KKC,KKC,Thai AirAsia,FD,07:25,08:40,1ชม.15นาที,Direct,867,฿867,2026-01-20T19:44:44.481960,airpaz.com
2026-02-24,BKKA,DMK,KKC,KKC,Thai Lion Air,SL,08:00,09:10,1ชม.10นาที,Direct,869,฿869,2026-01-20T19:44:44.518357,airpaz.com
2026-02-24,BKKA,DMK,KKC,KKC,Thai Lion Air,SL,11:00,12:00,1ชม.0นาที,Direct,877,฿877,2026-01-20T19:44:44.550418,airpaz.com
2026-02-25,BKKA,BKK,KKC,KKC,Thai AirAsia,FD,11:10,12:30,1ชม.20นาที,Direct,824,฿824,2026-01-20T19:45:13.143470,airpaz.com
2026-02-25,BKKA,BKK,KKC,KKC,Thai AirAsia,FD,19:10,20:20,1ชม.10นาที,Direct,832,฿832,2026-01-20T19:45:13.180069,airpaz.com
2026-02-25,BKKA,DMK,KKC,KKC,Thai AirAsia,FD,17:45,18:50,1ชม.5นาที,Direct,856,฿856,2026-01-20T19:45:13.214814,airpaz.com
2026-02-25,BKKA,DMK,KKC,KKC,Thai AirAsia,FD,18:55,20:00,1ชม.5นาที,Direct,859,฿859,2026-01-20T19:45:13.251348,airpaz.com
2026-02-25,BKKA,DMK,KKC,KKC,Thai AirAsia,FD,12:20,13:30,1ชม.10นาที,Direct,860,฿860,2026-01-20T19:45:13.299588,airpaz.com
2026-02-25,BKKA,DMK,KKC,KKC,Thai AirAsia,FD,14:45,15:50,1ชม.5นาที,Direct,863,฿863,2026-01-20T19:45:13.370461,airpaz.com
2026-02-25,BKKA,DMK,KKC,KKC,Thai AirAsia,FD,10:45,11:50,1ชม.5นาที,Direct,865,฿865,2026-01-20T19:45:13.409766,airpaz.com
2026-02-25,BKKA,DMK,KKC,KKC,Thai AirAsia,FD,07:25,08:40,1ชม.15นาที,Direct,867,฿867,2026-01-20T19:45:13.443966,airpaz.com
2026-02-25,BKKA,DMK,KKC,KKC,Thai Lion Air,SL,08:00,09:10,1ชม.10นาที,Direct,869,฿869,2026-01-20T19:45:13.478657,airpaz.com
2026-02-26,BKKA,BKK,KKC,KKC,Thai AirAsia,FD,11:10,12:30,1ชม.20นาที,Direct,824,฿824,2026-01-20T19:45:41.868740,airpaz.com
2026-02-26,BKKA,BKK,KKC,KKC,Thai AirAsia,FD,19:10,20:20,1ชม.10นาที,Direct,832,฿832,2026-01-20T19:45:41.921625,airpaz.com
2026-02-26,BKKA,DMK,KKC,KKC,Thai AirAsia,FD,17:45,18:50,1ชม.5นาที,Direct,856,฿856,2026-01-20T19:45:41.957494,airpaz.com
2026-02-26,BKKA,DMK,KKC,KKC,Thai AirAsia,FD,18:55,20:00,1ชม.5นาที,Direct,859,฿859,2026-01-20T19:45:42.002860,airpaz.com
2026-02-26,BKKA,DMK,KKC,KKC,Thai AirAsia,FD,12:20,13:30,1ชม.10นาที,Direct,860,฿860,2026-01-20T19:45:42.041936,airpaz.com
2026-02-26,BKKA,DMK,KKC,KKC,Thai AirAsia,FD,14:45,15:50,1ชม.5นาที,Direct,863,฿863,2026-01-20T19:45:42.093554,airpaz.com
2026-02-26,BKKA,DMK,KKC,KKC,Thai AirAsia,FD,10:45,11:50,1ชม.5นาที,Direct,865,฿865,2026-01-20T19:45:42.174559,airpaz.com
2026-02-26,BKKA,DMK,KKC,KKC,Thai AirAsia,FD,07:25,08:40,1ชม.15นาที,Direct,867,฿867,2026-01-20T19:45:42.215601,airpaz.com
2026-02-27,BKKA,BKK,KKC,KKC,Thai AirAsia,FD,11:10,12:30,1ชม.20นาที,Direct,824,฿824,2026-01-20T19:46:10.717653,airpaz.com
2026-02-27,BKKA,DMK,KKC,KKC,Thai AirAsia,FD,17:45,18:50,1ชม.5นาที,Direct,856,฿856,2026-01-20T19:46:10.791153,airpaz.com
2026-02-27,BKKA,DMK,KKC,KKC,Thai AirAsia,FD,18:55,20:00,1ชม.5นาที,Direct,859,฿859,2026-01-20T19:46:10.829196,airpaz.com
2026-02-27,BKKA,DMK,KKC,KKC,Thai AirAsia,FD,12:20,13:30,1ชม.10นาที,Direct,860,฿860,2026-01-20T19:46:10.869915,airpaz.com
2026-02-27,BKKA,DMK,KKC,KKC,Thai AirAsia,FD,14:45,15:50,1ชม.5นาที,Direct,863,฿863,2026-01-20T19:46:10.905776,airpaz.com
2026-02-27,BKKA,DMK,KKC,KKC,Thai AirAsia,FD,10:45,11:50,1ชม.5นาที,Direct,865,฿865,2026-01-20T19:46:10.939562,airpaz.com
2026-02-27,BKKA,DMK,KKC,KKC,Thai AirAsia,FD,07:25,08:40,1ชม.15นาที,Direct,867,฿867,2026-01-20T19:46:10.971479,airpaz.com
2026-02-27,BKKA,DMK,KKC,KKC,Thai Lion Air,SL,08:00,09:10,1ชม.10นาที,Direct,869,฿869,2026-01-20T19:46:11.005121,airpaz.com
2026-02-27,BKKA,DMK,KKC,KKC,Thai Lion Air,SL,15:40,16:50,1ชม.10นาที,Direct,875,฿875,2026-01-20T19:46:11.040006,airpaz.com
2026-02-27,BKKA,DMK,KKC,KKC,Thai Lion Air,SL,11:00,12:00,1ชม.0นาที,Direct,877,฿877,2026-01-20T19:46:11.074635,airpaz.com
2026-02-28,BKKA,BKK,KKC,KKC,Thai AirAsia,FD,11:10,12:30,1ชม.20นาที,Direct,824,฿824,2026-01-20T19:46:18.504458,airpaz.com
2026-02-28,BKKA,DMK,KKC,KKC,Thai AirAsia,FD,17:45,18:50,1ชม.5นาที,Direct,856,฿856,2026-01-20T19:46:18.539731,airpaz.com
2026-02-28,BKKA,DMK,KKC,KKC,Thai AirAsia,FD,18:55,20:00,1ชม.5นาที,Direct,859,฿859,2026-01-20T19:46:18.574725,airpaz.com
2026-02-28,BKKA,DMK,KKC,KKC,Thai AirAsia,FD,12:20,13:30,1ชม.10นาที,Direct,860,฿860,2026-01-20T19:46:18.615097,airpaz.com
2026-02-28,BKKA,DMK,KKC,KKC,Thai AirAsia,FD,14:45,15:50,1ชม.5นาที,Direct,863,฿863,2026-01-20T19:46:18.656793,airpaz.com
2026-02-28,BKKA,DMK,KKC,KKC,Thai AirAsia,FD,10:45,11:50,1ชม.5นาที,Direct,865,฿865,2026-01-20T19:46:18.693472,airpaz.com
2026-02-28,BKKA,DMK,KKC,KKC,Thai AirAsia,FD,07:25,08:40,1ชม.15นาที,Direct,867,฿867,2026-01-20T19:46:18.735920,airpaz.com
2026-02-28,BKKA,DMK,KKC,KKC,Thai Lion Air,SL,08:00,09:10,1ชม.10นาที,Direct,869,฿869,2026-01-20T19:46:18.773733,airpaz.com
2026-02-28,BKKA,DMK,KKC,KKC,Thai Lion Air,SL,15:40,16:50,1ชม.10นาที,Direct,875,฿875,2026-01-20T19:46:18.809444,airpaz.com
2026-02-28,BKKA,DMK,KKC,KKC,Thai Lion Air,SL,11:00,12:00,1ชม.0นาที,Direct,877,฿877,2026-01-20T19:46:18.862033,airpaz.com
2026-03-01,BKKA,BKK,KKC,KKC,Thai AirAsia,FD,11:10,12:30,1ชม.20นาที,Direct,824,฿824,2026-01-20T19:46:47.763183,airpaz.com
2026-03-01,BKKA,BKK,KKC,KKC,Thai AirAsia,FD,19:10,20:20,1ชม.10นาที,Direct,832,฿832,2026-01-20T19:46:47.796215,airpaz.com
2026-03-01,BKKA,DMK,KKC,KKC,Thai AirAsia,FD,17:45,18:50,1ชม.5นาที,Direct,856,฿856,2026-01-20T19:46:47.865069,airpaz.com
2026-03-01,BKKA,DMK,KKC,KKC,Thai AirAsia,FD,18:55,20:00,1ชม.5นาที,Direct,859,฿859,2026-01-20T19:46:47.926497,airpaz.com
2026-03-01,BKKA,DMK,KKC,KKC,Thai AirAsia,FD,12:20,13:30,1ชม.10นาที,Direct,860,฿860,2026-01-20T19:46:47.965992,airpaz.com
2026-03-01,BKKA,DMK,KKC,KKC,Thai AirAsia,FD,14:45,15:50,1ชม.5นาที,Direct,863,฿863,2026-01-20T19:46:48.000006,airpaz.com
2026-03-01,BKKA,DMK,KKC,KKC,Thai AirAsia,FD,10:45,11:50,1ชม.5นาที,Direct,865,฿865,2026-01-20T19:46:48.041900,airpaz.com
2026-03-01,BKKA,DMK,KKC,KKC,Thai AirAsia,FD,07:25,08:40,1ชม.15นาที,Direct,867,฿867,2026-01-20T19:46:48.075868,airpaz.com
2026-03-02,BKKA,BKK,KKC,KKC,Thai AirAsia,FD,11:10,12:30,1ชม.20นาที,Direct,824,฿824,2026-01-20T19:46:51.734771,airpaz.com
2026-03-02,BKKA,BKK,KKC,KKC,Thai AirAsia,FD,19:10,20:20,1ชม.10นาที,Direct,832,฿832,2026-01-20T19:46:51.765354,airpaz.com
2026-03-02,BKKA,BKK,KKC,KKC,Thai VietJet Air,VZ,07:05,08:10,1ชม.5นาที,Direct,856,฿856,2026-01-20T19:46:51.798067,airpaz.com
2026-03-02,BKKA,DMK,KKC,KKC,Thai AirAsia,FD,17:45,18:50,1ชม.5นาที,Direct,856,฿856,2026-01-20T19:46:51.833299,airpaz.com
2026-03-02,BKKA,DMK,KKC,KKC,Thai AirAsia,FD,18:55,20:00,1ชม.5นาที,Direct,859,฿859,2026-01-20T19:46:51.873777,airpaz.com
2026-03-02,BKKA,DMK,KKC,KKC,Thai AirAsia,FD,12:20,13:30,1ชม.10นาที,Direct,860,฿860,2026-01-20T19:46:51.902420,airpaz.com
2026-03-02,BKKA,DMK,KKC,KKC,Thai AirAsia,FD,14:45,15:50,1ชม.5นาที,Direct,863,฿863,2026-01-20T19:46:51.936581,airpaz.com
2026-03-02,BKKA,DMK,KKC,KKC,Thai AirAsia,FD,10:45,11:50,1ชม.5นาที,Direct,865,฿865,2026-01-20T19:46:51.965819,airpaz.com
2026-03-02,BKKA,DMK,KKC,KKC,Thai AirAsia,FD,07:25,08:40,1ชม.15นาที,Direct,867,฿867,2026-01-20T19:46:52.000077,airpaz.com
2026-03-02,BKKA,DMK,KKC,KKC,Thai Lion Air,SL,08:00,09:10,1ชม.10นาที,Direct,869,฿869,2026-01-20T19:46:52.033792,airpaz.com
2026-03-03,BKKA,BKK,KKC,KKC,Thai AirAsia,FD,11:10,12:30,1ชม.20นาที,Direct,824,฿824,2026-01-20T19:47:20.771616,airpaz.com
2026-03-03,BKKA,BKK,KKC,KKC,Thai AirAsia,FD,19:10,20:20,1ชม.10นาที,Direct,832,฿832,2026-01-20T19:47:20.824819,airpaz.com
2026-03-03,BKKA,DMK,KKC,KKC,Thai AirAsia,FD,18:00,19:05,1ชม.5นาที,Direct,856,฿856,2026-01-20T19:47:20.905329,airpaz.com
2026-03-03,BKKA,DMK,KKC,KKC,Thai AirAsia,FD,18:55,20:00,1ชม.5นาที,Direct,859,฿859,2026-01-20T19:47:20.946375,airpaz.com
2026-03-03,BKKA,DMK,KKC,KKC,Thai AirAsia,FD,12:20,13:30,1ชม.10นาที,Direct,860,฿860,2026-01-20T19:47:20.986277,airpaz.com
2026-03-03,BKKA,DMK,KKC,KKC,Thai AirAsia,FD,14:45,15:50,1ชม.5นาที,Direct,863,฿863,2026-01-20T19:47:21.023638,airpaz.com
2026-03-03,BKKA,DMK,KKC,KKC,Thai AirAsia,FD,10:45,11:50,1ชม.5นาที,Direct,865,฿865,2026-01-20T19:47:21.063320,airpaz.com
2026-03-03,BKKA,DMK,KKC,KKC,Thai AirAsia,FD,07:25,08:40,1ชม.15นาที,Direct,867,฿867,2026-01-20T19:47:21.100925,airpaz.com
2026-03-03,BKKA,BKK,KKC,KKC,Thai VietJet Air,VZ,07:05,08:10,1ชม.5นาที,Direct,869,฿869,2026-01-20T19:47:21.144122,airpaz.com
2026-03-04,BKKA,BKK,KKC,KKC,Thai AirAsia,FD,11:10,12:30,1ชม.20นาที,Direct,824,฿824,2026-01-20T19:47:49.552421,airpaz.com
2026-03-04,BKKA,BKK,KKC,KKC,Thai AirAsia,FD,19:10,20:20,1ชม.10นาที,Direct,832,฿832,2026-01-20T19:47:49.586822,airpaz.com
2026-03-04,BKKA,DMK,KKC,KKC,Thai AirAsia,FD,17:45,18:50,1ชม.5นาที,Direct,856,฿856,2026-01-20T19:47:49.620388,airpaz.com
2026-03-04,BKKA,DMK,KKC,KKC,Thai AirAsia,FD,18:55,20:00,1ชม.5นาที,Direct,859,฿859,2026-01-20T19:47:49.649519,airpaz.com
2026-03-04,BKKA,DMK,KKC,KKC,Thai AirAsia,FD,12:20,13:30,1ชม.10นาที,Direct,860,฿860,2026-01-20T19:47:49.685806,airpaz.com
2026-03-04,BKKA,DMK,KKC,KKC,Thai AirAsia,FD,14:45,15:50,1ชม.5นาที,Direct,863,฿863,2026-01-20T19:47:49.716007,airpaz.com
2026-03-04,BKKA,DMK,KKC,KKC,Thai AirAsia,FD,10:45,11:50,1ชม.5นาที,Direct,865,฿865,2026-01-20T19:47:49.747396,airpaz.com
2026-03-04,BKKA,DMK,KKC,KKC,Thai AirAsia,FD,07:25,08:40,1ชม.15นาที,Direct,867,฿867,2026-01-20T19:47:49.790297,airpaz.com
2026-03-04,BKKA,DMK,KKC,KKC,Thai Lion Air,SL,08:00,09:10,1ชม.10นาที,Direct,869,฿869,2026-01-20T19:47:49.851266,airpaz.com
2026-03-04,BKKA,DMK,KKC,KKC,Thai Lion Air,SL,11:10,12:10,1ชม.0นาที,Direct,877,฿877,2026-01-20T19:47:49.890991,airpaz.com
2026-03-05,BKKA,BKK,KKC,KKC,Thai AirAsia,FD,11:10,12:30,1ชม.20นาที,Direct,824,฿824,2026-01-20T19:47:57.842366,airpaz.com
2026-03-05,BKKA,BKK,KKC,KKC,Thai AirAsia,FD,19:10,20:20,1ชม.10นาที,Direct,832,฿832,2026-01-20T19:47:57.876381,airpaz.com
2026-03-05,BKKA,DMK,KKC,KKC,Thai AirAsia,FD,17:45,18:50,1ชม.5นาที,Direct,856,฿856,2026-01-20T19:47:57.912894,airpaz.com
2026-03-05,BKKA,DMK,KKC,KKC,Thai AirAsia,FD,18:55,20:00,1ชม.5นาที,Direct,859,฿859,2026-01-20T19:47:57.945237,airpaz.com
2026-03-05,BKKA,DMK,KKC,KKC,Thai AirAsia,FD,12:20,13:30,1ชม.10นาที,Direct,860,฿860,2026-01-20T19:47:57.977028,airpaz.com
2026-03-05,BKKA,BKK,KKC,KKC,Thai VietJet Air,VZ,07:05,08:10,1ชม.5นาที,Direct,861,฿861,2026-01-20T19:47:58.009940,airpaz.com
2026-03-05,BKKA,DMK,KKC,KKC,Thai AirAsia,FD,14:45,15:50,1ชม.5นาที,Direct,863,฿863,2026-01-20T19:47:58.049658,airpaz.com
2026-03-05,BKKA,DMK,KKC,KKC,Thai AirAsia,FD,10:45,11:50,1ชม.5นาที,Direct,865,฿865,2026-01-20T19:47:58.080305,airpaz.com
2026-03-05,BKKA,DMK,KKC,KKC,Thai AirAsia,FD,07:25,08:40,1ชม.15นาที,Direct,867,฿867,2026-01-20T19:47:58.113353,airpaz.com
2026-03-05,BKKA,DMK,KKC,KKC,Thai Lion Air,SL,08:00,09:10,1ชม.10นาที,Direct,869,฿869,2026-01-20T19:47:58.145607,airpaz.com
2026-03-06,BKKA,DMK,KKC,KKC,Thai AirAsia,FD,17:45,18:50,1ชม.5นาที,Direct,856,฿856,2026-01-20T19:48:26.536609,airpaz.com
2026-03-06,BKKA,DMK,KKC,KKC,Thai AirAsia,FD,18:55,20:00,1ชม.5นาที,Direct,859,฿859,2026-01-20T19:48:26.576627,airpaz.com
2026-03-06,BKKA,DMK,KKC,KKC,Thai AirAsia,FD,12:20,13:30,1ชม.10นาที,Direct,860,฿860,2026-01-20T19:48:26.645563,airpaz.com
2026-03-06,BKKA,BKK,KKC,KKC,Thai VietJet Air,VZ,07:05,08:10,1ชม.5นาที,Direct,861,฿861,2026-01-20T19:48:26.679855,airpaz.com
2026-03-06,BKKA,DMK,KKC,KKC,Thai AirAsia,FD,14:45,15:50,1ชม.5นาที,Direct,863,฿863,2026-01-20T19:48:26.718913,airpaz.com
2026-03-06,BKKA,DMK,KKC,KKC,Thai AirAsia,FD,10:45,11:50,1ชม.5นาที,Direct,865,฿865,2026-01-20T19:48:26.754214,airpaz.com
2026-03-06,BKKA,DMK,KKC,KKC,Thai AirAsia,FD,07:25,08:40,1ชม.15นาที,Direct,867,฿867,2026-01-20T19:48:26.785822,airpaz.com
2026-03-06,BKKA,DMK,KKC,KKC,Thai Lion Air,SL,08:00,09:10,1ชม.10นาที,Direct,869,฿869,2026-01-20T19:48:26.816907,airpaz.com
2026-03-06,BKKA,DMK,KKC,KKC,Thai Lion Air,SL,15:40,16:50,1ชม.10นาที,Direct,875,฿875,2026-01-20T19:48:26.849202,airpaz.com
2026-03-06,BKKA,DMK,KKC,KKC,Thai Lion Air,SL,11:00,12:00,1ชม.0นาที,Direct,877,฿877,2026-01-20T19:48:26.880588,airpaz.com
2026-03-07,BKKA,BKK,KKC,KKC,Thai AirAsia,FD,19:10,20:20,1ชม.10นาที,Direct,832,฿832,2026-01-20T19:48:55.418138,airpaz.com
2026-03-07,BKKA,DMK,KKC,KKC,Thai AirAsia,FD,17:45,18:50,1ชม.5นาที,Direct,856,฿856,2026-01-20T19:48:55.452152,airpaz.com
2026-03-07,BKKA,DMK,KKC,KKC,Thai AirAsia,FD,18:55,20:00,1ชม.5นาที,Direct,859,฿859,2026-01-20T19:48:55.484921,airpaz.com
2026-03-07,BKKA,DMK,KKC,KKC,Thai AirAsia,FD,12:20,13:30,1ชม.10นาที,Direct,860,฿860,2026-01-20T19:48:55.515027,airpaz.com
2026-03-07,BKKA,BKK,KKC,KKC,Thai VietJet Air,VZ,07:05,08:10,1ชม.5นาที,Direct,861,฿861,2026-01-20T19:48:55.547500,airpaz.com
2026-03-07,BKKA,DMK,KKC,KKC,Thai AirAsia,FD,14:45,15:50,1ชม.5นาที,Direct,863,฿863,2026-01-20T19:48:55.580485,airpaz.com
2026-03-07,BKKA,DMK,KKC,KKC,Thai AirAsia,FD,10:45,11:50,1ชม.5นาที,Direct,865,฿865,2026-01-20T19:48:55.614168,airpaz.com
2026-03-07,BKKA,DMK,KKC,KKC,Thai AirAsia,FD,07:25,08:40,1ชม.15นาที,Direct,867,฿867,2026-01-20T19:48:55.656169,airpaz.com
2026-03-07,BKKA,DMK,KKC,KKC,Thai Lion Air,SL,08:00,09:10,1ชม.10นาที,Direct,869,฿869,2026-01-20T19:48:55.691399,airpaz.com
2026-03-07,BKKA,DMK,KKC,KKC,Thai Lion Air,SL,15:40,16:50,1ชม.10นาที,Direct,875,฿875,2026-01-20T19:48:55.722676,airpaz.com
2026-03-08,BKKA,BKK,KKC,KKC,Thai AirAsia,FD,11:10,12:30,1ชม.20นาที,Direct,824,฿824,2026-01-20T19:49:25.163817,airpaz.com
2026-03-08,BKKA,BKK,KKC,KKC,Thai AirAsia,FD,19:10,20:20,1ชม.10นาที,Direct,832,฿832,2026-01-20T19:49:25.202737,airpaz.com
2026-03-08,BKKA,DMK,KKC,KKC,Thai AirAsia,FD,17:45,18:50,1ชม.5นาที,Direct,856,฿856,2026-01-20T19:49:25.244122,airpaz.com
2026-03-08,BKKA,DMK,KKC,KKC,Thai AirAsia,FD,12:20,13:30,1ชม.10นาที,Direct,860,฿860,2026-01-20T19:49:25.283626,airpaz.com
2026-03-08,BKKA,DMK,KKC,KKC,Thai AirAsia,FD,14:45,15:50,1ชม.5นาที,Direct,863,฿863,2026-01-20T19:49:25.322040,airpaz.com
2026-03-08,BKKA,DMK,KKC,KKC,Thai AirAsia,FD,10:45,11:50,1ชม.5นาที,Direct,865,฿865,2026-01-20T19:49:25.360643,airpaz.com
2026-03-08,BKKA,DMK,KKC,KKC,Thai AirAsia,FD,07:25,08:40,1ชม.15นาที,Direct,867,฿867,2026-01-20T19:49:25.400460,airpaz.com
2026-03-08,BKKA,DMK,KKC,KKC,Thai Lion Air,SL,08:00,09:10,1ชม.10นาที,Direct,869,฿869,2026-01-20T19:49:25.465720,airpaz.com
2026-03-08,BKKA,DMK,KKC,KKC,Thai Lion Air,SL,15:40,16:50,1ชม.10นาที,Direct,875,฿875,2026-01-20T19:49:25.550136,airpaz.com
2026-03-08,BKKA,DMK,KKC,KKC,Thai Lion Air,SL,11:10,12:10,1ชม.0นาที,Direct,877,฿877,2026-01-20T19:49:25.595657,airpaz.com
2026-03-09,BKKA,BKK,KKC,KKC,Thai AirAsia,FD,11:10,12:30,1ชม.20นาที,Direct,824,฿824,2026-01-20T19:49:34.483173,airpaz.com
2026-03-09,BKKA,BKK,KKC,KKC,Thai AirAsia,FD,19:10,20:20,1ชม.10นาที,Direct,832,฿832,2026-01-20T19:49:34.519704,airpaz.com
2026-03-09,BKKA,DMK,KKC,KKC,Thai AirAsia,FD,17:45,18:50,1ชม.5นาที,Direct,856,฿856,2026-01-20T19:49:34.555769,airpaz.com
2026-03-09,BKKA,DMK,KKC,KKC,Thai AirAsia,FD,12:20,13:30,1ชม.10นาที,Direct,860,฿860,2026-01-20T19:49:34.591391,airpaz.com
2026-03-09,BKKA,BKK,KKC,KKC,Thai VietJet Air,VZ,07:05,08:10,1ชม.5นาที,Direct,861,฿861,2026-01-20T19:49:34.628180,airpaz.com
2026-03-09,BKKA,DMK,KKC,KKC,Thai AirAsia,FD,14:45,15:50,1ชม.5นาที,Direct,863,฿863,2026-01-20T19:49:34.697474,airpaz.com
2026-03-09,BKKA,DMK,KKC,KKC,Thai AirAsia,FD,10:45,11:50,1ชม.5นาที,Direct,865,฿865,2026-01-20T19:49:34.737932,airpaz.com
2026-03-09,BKKA,DMK,KKC,KKC,Thai AirAsia,FD,07:25,08:40,1ชม.15นาที,Direct,867,฿867,2026-01-20T19:49:34.774891,airpaz.com
2026-03-09,BKKA,DMK,KKC,KKC,Thai Lion Air,SL,08:00,09:10,1ชม.10นาที,Direct,869,฿869,2026-01-20T19:49:34.811492,airpaz.com
2026-03-09,BKKA,DMK,KKC,KKC,Thai Lion Air,SL,15:40,16:50,1ชม.10นาที,Direct,875,฿875,2026-01-20T19:49:34.846358,airpaz.com
2026-03-10,BKKA,BKK,KKC,KKC,Thai AirAsia,FD,11:10,12:30,1ชม.20นาที,Direct,824,฿824,2026-01-20T19:50:04.106637,airpaz.com
2026-03-10,BKKA,BKK,KKC,KKC,Thai AirAsia,FD,19:10,20:20,1ชม.10นาที,Direct,832,฿832,2026-01-20T19:50:04.149288,airpaz.com
2026-03-10,BKKA,DMK,KKC,KKC,Thai AirAsia,FD,18:00,19:05,1ชม.5นาที,Direct,856,฿856,2026-01-20T19:50:04.189249,airpaz.com
2026-03-10,BKKA,DMK,KKC,KKC,Thai AirAsia,FD,18:55,20:00,1ชม.5นาที,Direct,859,฿859,2026-01-20T19:50:04.226113,airpaz.com
2026-03-10,BKKA,DMK,KKC,KKC,Thai AirAsia,FD,12:20,13:30,1ชม.10นาที,Direct,860,฿860,2026-01-20T19:50:04.260785,airpaz.com
2026-03-10,BKKA,DMK,KKC,KKC,Thai AirAsia,FD,14:45,15:50,1ชม.5นาที,Direct,863,฿863,2026-01-20T19:50:04.298372,airpaz.com
2026-03-10,BKKA,DMK,KKC,KKC,Thai AirAsia,FD,10:45,11:50,1ชม.5นาที,Direct,865,฿865,2026-01-20T19:50:04.334445,airpaz.com
2026-03-10,BKKA,DMK,KKC,KKC,Thai AirAsia,FD,07:25,08:40,1ชม.15นาที,Direct,867,฿867,2026-01-20T19:50:04.368399,airpaz.com
2026-03-11,BKKA,BKK,KKC,KKC,Thai VietJet Air,VZ,07:05,08:10,1ชม.5นาที,Direct,594,฿594,2026-01-20T19:51:04.891978,airpaz.com
2026-03-11,BKKA,BKK,KKC,KKC,Thai AirAsia,FD,11:10,12:30,1ชม.20นาที,Direct,824,฿824,2026-01-20T19:51:04.921348,airpaz.com
2026-03-11,BKKA,BKK,KKC,KKC,Thai AirAsia,FD,19:10,20:20,1ชม.10นาที,Direct,832,฿832,2026-01-20T19:51:04.958221,airpaz.com
2026-03-11,BKKA,DMK,KKC,KKC,Thai AirAsia,FD,18:00,19:05,1ชม.5นาที,Direct,856,฿856,2026-01-20T19:51:04.999985,airpaz.com
2026-03-11,BKKA,DMK,KKC,KKC,Thai AirAsia,FD,18:55,20:00,1ชม.5นาที,Direct,859,฿859,2026-01-20T19:51:05.041930,airpaz.com
2026-03-11,BKKA,DMK,KKC,KKC,Thai AirAsia,FD,12:20,13:30,1ชม.10นาที,Direct,860,฿860,2026-01-20T19:51:05.076323,airpaz.com
2026-03-11,BKKA,DMK,KKC,KKC,Thai AirAsia,FD,14:45,15:50,1ชม.5นาที,Direct,863,฿863,2026-01-20T19:51:05.109005,airpaz.com
2026-03-11,BKKA,DMK,KKC,KKC,Thai AirAsia,FD,10:45,11:50,1ชม.5นาที,Direct,865,฿865,2026-01-20T19:51:05.141804,airpaz.com
2026-03-11,BKKA,DMK,KKC,KKC,Thai AirAsia,FD,07:25,08:40,1ชม.15นาที,Direct,867,฿867,2026-01-20T19:51:05.170694,airpaz.com
2026-03-11,BKKA,DMK,KKC,KKC,Thai Lion Air,SL,08:00,09:10,1ชม.10นาที,Direct,869,฿869,2026-01-20T19:51:05.201953,airpaz.com
2026-03-12,BKKA,BKK,KKC,KKC,Thai AirAsia,FD,11:10,12:30,1ชม.20นาที,Direct,824,฿824,2026-01-20T19:51:34.115342,airpaz.com
2026-03-12,BKKA,BKK,KKC,KKC,Thai AirAsia,FD,19:10,20:20,1ชม.10นาที,Direct,832,฿832,2026-01-20T19:51:34.158625,airpaz.com
2026-03-12,BKKA,DMK,KKC,KKC,Thai AirAsia,FD,17:45,18:50,1ชม.5นาที,Direct,856,฿856,2026-01-20T19:51:34.206016,airpaz.com
2026-03-12,BKKA,DMK,KKC,KKC,Thai AirAsia,FD,18:55,20:00,1ชม.5นาที,Direct,859,฿859,2026-01-20T19:51:34.261184,airpaz.com
2026-03-12,BKKA,DMK,KKC,KKC,Thai AirAsia,FD,12:20,13:30,1ชม.10นาที,Direct,860,฿860,2026-01-20T19:51:34.322793,airpaz.com
2026-03-12,BKKA,DMK,KKC,KKC,Thai AirAsia,FD,14:45,15:50,1ชม.5นาที,Direct,863,฿863,2026-01-20T19:51:34.364413,airpaz.com
2026-03-12,BKKA,DMK,KKC,KKC,Thai AirAsia,FD,10:45,11:50,1ชม.5นาที,Direct,865,฿865,2026-01-20T19:51:34.402035,airpaz.com
2026-03-12,BKKA,DMK,KKC,KKC,Thai AirAsia,FD,07:25,08:40,1ชม.15นาที,Direct,867,฿867,2026-01-20T19:51:34.442817,airpaz.com
2026-03-12,BKKA,DMK,KKC,KKC,Thai Lion Air,SL,08:00,09:10,1ชม.10นาที,Direct,869,฿869,2026-01-20T19:51:34.483408,airpaz.com
2026-03-12,BKKA,DMK,KKC,KKC,Thai Lion Air,SL,15:40,16:50,1ชม.10นาที,Direct,875,฿875,2026-01-20T19:51:34.520241,airpaz.com
2026-03-13,BKKA,BKK,KKC,KKC,Thai AirAsia,FD,11:10,12:30,1ชม.20นาที,Direct,824,฿824,2026-01-20T19:52:03.126978,airpaz.com
2026-03-13,BKKA,BKK,KKC,KKC,Thai AirAsia,FD,19:10,20:20,1ชม.10นาที,Direct,832,฿832,2026-01-20T19:52:03.175572,airpaz.com
2026-03-13,BKKA,DMK,KKC,KKC,Thai AirAsia,FD,17:45,18:50,1ชม.5นาที,Direct,856,฿856,2026-01-20T19:52:03.228980,airpaz.com
2026-03-13,BKKA,DMK,KKC,KKC,Thai AirAsia,FD,18:55,20:00,1ชม.5นาที,Direct,859,฿859,2026-01-20T19:52:03.291554,airpaz.com
2026-03-13,BKKA,DMK,KKC,KKC,Thai AirAsia,FD,12:20,13:30,1ชม.10นาที,Direct,860,฿860,2026-01-20T19:52:03.367761,airpaz.com
2026-03-13,BKKA,BKK,KKC,KKC,Thai VietJet Air,VZ,07:05,08:10,1ชม.5นาที,Direct,861,฿861,2026-01-20T19:52:03.430273,airpaz.com
2026-03-13,BKKA,DMK,KKC,KKC,Thai AirAsia,FD,14:45,15:50,1ชม.5นาที,Direct,863,฿863,2026-01-20T19:52:03.481187,airpaz.com
2026-03-13,BKKA,DMK,KKC,KKC,Thai AirAsia,FD,10:45,11:50,1ชม.5นาที,Direct,865,฿865,2026-01-20T19:52:03.544098,airpaz.com
2026-03-13,BKKA,DMK,KKC,KKC,Thai AirAsia,FD,07:25,08:40,1ชม.15นาที,Direct,867,฿867,2026-01-20T19:52:03.599537,airpaz.com
2026-03-13,BKKA,DMK,KKC,KKC,Thai Lion Air,SL,08:00,09:10,1ชม.10นาที,Direct,869,฿869,2026-01-20T19:52:03.661088,airpaz.com
2026-03-14,BKKA,BKK,KKC,KKC,Thai AirAsia,FD,11:10,12:30,1ชม.20นาที,Direct,824,฿824,2026-01-20T19:52:32.575470,airpaz.com
2026-03-14,BKKA,BKK,KKC,KKC,Thai AirAsia,FD,19:10,20:20,1ชม.10นาที,Direct,832,฿832,2026-01-20T19:52:32.629673,airpaz.com
2026-03-14,BKKA,DMK,KKC,KKC,Thai AirAsia,FD,17:45,18:50,1ชม.5นาที,Direct,856,฿856,2026-01-20T19:52:32.686516,airpaz.com
2026-03-14,BKKA,DMK,KKC,KKC,Thai AirAsia,FD,18:55,20:00,1ชม.5นาที,Direct,859,฿859,2026-01-20T19:52:32.742426,airpaz.com
2026-03-14,BKKA,DMK,KKC,KKC,Thai AirAsia,FD,12:20,13:30,1ชม.10นาที,Direct,860,฿860,2026-01-20T19:52:32.805271,airpaz.com
2026-03-14,BKKA,DMK,KKC,KKC,Thai AirAsia,FD,14:45,15:50,1ชม.5นาที,Direct,863,฿863,2026-01-20T19:52:32.865529,airpaz.com
2026-03-14,BKKA,DMK,KKC,KKC,Thai AirAsia,FD,10:45,11:50,1ชม.5นาที,Direct,865,฿865,2026-01-20T19:52:32.928012,airpaz.com
2026-03-14,BKKA,DMK,KKC,KKC,Thai AirAsia,FD,07:25,08:40,1ชม.15นาที,Direct,867,฿867,2026-01-20T19:52:33.115408,airpaz.com
2026-03-14,BKKA,DMK,KKC,KKC,Thai Lion Air,SL,08:00,09:10,1ชม.10นาที,Direct,869,฿869,2026-01-20T19:52:33.192887,airpaz.com
2026-03-14,BKKA,DMK,KKC,KKC,Thai Lion Air,SL,15:40,16:50,1ชม.10นาที,Direct,875,฿875,2026-01-20T19:52:33.252071,airpaz.com
2026-03-15,BKKA,BKK,KKC,KKC,Thai AirAsia,FD,11:10,12:30,1ชม.20นาที,Direct,824,฿824,2026-01-20T19:52:42.804405,airpaz.com
2026-03-15,BKKA,BKK,KKC,KKC,Thai AirAsia,FD,19:10,20:20,1ชม.10นาที,Direct,832,฿832,2026-01-20T19:52:42.850329,airpaz.com
2026-03-15,BKKA,DMK,KKC,KKC,Thai AirAsia,FD,17:45,18:50,1ชม.5นาที,Direct,856,฿856,2026-01-20T19:52:42.899834,airpaz.com
2026-03-15,BKKA,DMK,KKC,KKC,Thai AirAsia,FD,18:55,20:00,1ชม.5นาที,Direct,859,฿859,2026-01-20T19:52:42.948943,airpaz.com
2026-03-15,BKKA,DMK,KKC,KKC,Thai AirAsia,FD,12:20,13:30,1ชม.10นาที,Direct,860,฿860,2026-01-20T19:52:43.004043,airpaz.com
2026-03-15,BKKA,BKK,KKC,KKC,Thai VietJet Air,VZ,07:05,08:10,1ชม.5นาที,Direct,861,฿861,2026-01-20T19:52:43.060940,airpaz.com
2026-03-15,BKKA,DMK,KKC,KKC,Thai AirAsia,FD,14:45,15:50,1ชม.5นาที,Direct,863,฿863,2026-01-20T19:52:43.107866,airpaz.com
2026-03-15,BKKA,DMK,KKC,KKC,Thai AirAsia,FD,10:45,11:50,1ชม.5นาที,Direct,865,฿865,2026-01-20T19:52:43.158010,airpaz.com
2026-03-15,BKKA,DMK,KKC,KKC,Thai AirAsia,FD,07:25,08:40,1ชม.15นาที,Direct,867,฿867,2026-01-20T19:52:43.207532,airpaz.com
2026-03-15,BKKA,DMK,KKC,KKC,Thai Lion Air,SL,08:00,09:10,1ชม.10นาที,Direct,869,฿869,2026-01-20T19:52:43.261742,airpaz.com
2026-03-16,BKKA,BKK,KKC,KKC,Thai AirAsia,FD,11:10,12:30,1ชม.20นาที,Direct,824,฿824,2026-01-20T19:53:12.166994,airpaz.com
2026-03-16,BKKA,BKK,KKC,KKC,Thai AirAsia,FD,19:10,20:20,1ชม.10นาที,Direct,832,฿832,2026-01-20T19:53:12.221711,airpaz.com
2026-03-16,BKKA,DMK,KKC,KKC,Thai AirAsia,FD,17:45,18:50,1ชม.5นาที,Direct,856,฿856,2026-01-20T19:53:12.270590,airpaz.com
2026-03-16,BKKA,DMK,KKC,KKC,Thai AirAsia,FD,12:20,13:30,1ชม.10นาที,Direct,860,฿860,2026-01-20T19:53:12.370673,airpaz.com
2026-03-16,BKKA,BKK,KKC,KKC,Thai VietJet Air,VZ,07:05,08:10,1ชม.5นาที,Direct,861,฿861,2026-01-20T19:53:12.423679,airpaz.com
2026-03-16,BKKA,DMK,KKC,KKC,Thai AirAsia,FD,14:45,15:50,1ชม.5นาที,Direct,863,฿863,2026-01-20T19:53:12.474713,airpaz.com
2026-03-16,BKKA,DMK,KKC,KKC,Thai AirAsia,FD,10:45,11:50,1ชม.5นาที,Direct,865,฿865,2026-01-20T19:53:12.528067,airpaz.com
2026-03-16,BKKA,DMK,KKC,KKC,Thai AirAsia,FD,07:25,08:40,1ชม.15นาที,Direct,867,฿867,2026-01-20T19:53:12.583455,airpaz.com
2026-03-16,BKKA,DMK,KKC,KKC,Thai Lion Air,SL,08:00,09:10,1ชม.10นาที,Direct,869,฿869,2026-01-20T19:53:12.639427,airpaz.com
2026-03-16,BKKA,DMK,KKC,KKC,Thai Lion Air,SL,15:40,16:50,1ชม.10นาที,Direct,875,฿875,2026-01-20T19:53:12.691195,airpaz.com
2026-03-17,BKKA,BKK,KKC,KKC,Thai VietJet Air,VZ,07:05,08:10,1ชม.5นาที,Direct,625,฿625,2026-01-20T19:53:41.920825,airpaz.com
2026-03-17,BKKA,BKK,KKC,KKC,Thai AirAsia,FD,11:10,12:30,1ชม.20นาที,Direct,824,฿824,2026-01-20T19:53:42.019247,airpaz.com
2026-03-17,BKKA,BKK,KKC,KKC,Thai AirAsia,FD,19:10,20:20,1ชม.10นาที,Direct,832,฿832,2026-01-20T19:53:42.074722,airpaz.com
2026-03-17,BKKA,DMK,KKC,KKC,Thai AirAsia,FD,18:00,19:05,1ชม.5นาที,Direct,856,฿856,2026-01-20T19:53:42.120605,airpaz.com
2026-03-17,BKKA,DMK,KKC,KKC,Thai AirAsia,FD,18:55,20:00,1ชม.5นาที,Direct,859,฿859,2026-01-20T19:53:42.180202,airpaz.com
2026-03-17,BKKA,DMK,KKC,KKC,Thai AirAsia,FD,12:20,13:30,1ชม.10นาที,Direct,860,฿860,2026-01-20T19:53:42.223727,airpaz.com
2026-03-17,BKKA,DMK,KKC,KKC,Thai AirAsia,FD,14:45,15:50,1ชม.5นาที,Direct,863,฿863,2026-01-20T19:53:42.274314,airpaz.com
2026-03-17,BKKA,DMK,KKC,KKC,Thai AirAsia,FD,10:45,11:50,1ชม.5นาที,Direct,865,฿865,2026-01-20T19:53:42.317972,airpaz.com
2026-03-17,BKKA,DMK,KKC,KKC,Thai AirAsia,FD,07:25,08:40,1ชม.15นาที,Direct,867,฿867,2026-01-20T19:53:42.364486,airpaz.com
2026-03-17,BKKA,BKK,KKC,KKC,Thai VietJet Air,VZ,17:25,18:30,1ชม.5นาที,Direct,969,฿969,2026-01-20T19:53:42.408469,airpaz.com
2026-03-18,BKKA,BKK,KKC,KKC,Thai AirAsia,FD,11:10,12:30,1ชม.20นาที,Direct,824,฿824,2026-01-20T19:54:11.390500,airpaz.com
2026-03-18,BKKA,BKK,KKC,KKC,Thai AirAsia,FD,19:10,20:20,1ชม.10นาที,Direct,832,฿832,2026-01-20T19:54:11.503767,airpaz.com
2026-03-18,BKKA,DMK,KKC,KKC,Thai AirAsia,FD,17:45,18:50,1ชม.5นาที,Direct,856,฿856,2026-01-20T19:54:11.559114,airpaz.com
2026-03-18,BKKA,DMK,KKC,KKC,Thai AirAsia,FD,18:55,20:00,1ชม.5นาที,Direct,859,฿859,2026-01-20T19:54:11.621608,airpaz.com
2026-03-18,BKKA,DMK,KKC,KKC,Thai AirAsia,FD,12:20,13:30,1ชม.10นาที,Direct,860,฿860,2026-01-20T19:54:11.683756,airpaz.com
2026-03-18,BKKA,DMK,KKC,KKC,Thai AirAsia,FD,14:45,15:50,1ชม.5นาที,Direct,863,฿863,2026-01-20T19:54:11.740006,airpaz.com
2026-03-18,BKKA,DMK,KKC,KKC,Thai AirAsia,FD,10:45,11:50,1ชม.5นาที,Direct,865,฿865,2026-01-20T19:54:11.826876,airpaz.com
2026-03-18,BKKA,DMK,KKC,KKC,Thai AirAsia,FD,07:25,08:40,1ชม.15นาที,Direct,867,฿867,2026-01-20T19:54:11.890537,airpaz.com
2026-03-18,BKKA,DMK,KKC,KKC,Thai Lion Air,SL,08:00,09:10,1ชม.10นาที,Direct,869,฿869,2026-01-20T19:54:11.949501,airpaz.com
2026-03-18,BKKA,DMK,KKC,KKC,Thai Lion Air,SL,11:10,12:10,1ชม.0นาที,Direct,877,฿877,2026-01-20T19:54:12.016375,airpaz.com
2026-03-19,BKKA,BKK,KKC,KKC,Thai AirAsia,FD,11:10,12:30,1ชม.20นาที,Direct,824,฿824,2026-01-20T19:54:19.226842,airpaz.com
2026-03-19,BKKA,BKK,KKC,KKC,Thai AirAsia,FD,19:10,20:20,1ชม.10นาที,Direct,832,฿832,2026-01-20T19:54:19.264807,airpaz.com
2026-03-19,BKKA,BKK,KKC,KKC,Thai VietJet Air,VZ,07:05,08:10,1ชม.5นาที,Direct,834,฿834,2026-01-20T19:54:19.313284,airpaz.com
2026-03-19,BKKA,DMK,KKC,KKC,Thai AirAsia,FD,17:45,18:50,1ชม.5นาที,Direct,856,฿856,2026-01-20T19:54:19.359940,airpaz.com
2026-03-19,BKKA,DMK,KKC,KKC,Thai AirAsia,FD,18:55,20:00,1ชม.5นาที,Direct,859,฿859,2026-01-20T19:54:19.404121,airpaz.com
2026-03-19,BKKA,DMK,KKC,KKC,Thai AirAsia,FD,12:20,13:30,1ชม.10นาที,Direct,860,฿860,2026-01-20T19:54:19.443871,airpaz.com
2026-03-19,BKKA,DMK,KKC,KKC,Thai AirAsia,FD,14:45,15:50,1ชม.5นาที,Direct,863,฿863,2026-01-20T19:54:19.486202,airpaz.com
2026-03-19,BKKA,DMK,KKC,KKC,Thai AirAsia,FD,10:45,11:50,1ชม.5นาที,Direct,865,฿865,2026-01-20T19:54:19.534515,airpaz.com
2026-03-19,BKKA,DMK,KKC,KKC,Thai AirAsia,FD,07:25,08:40,1ชม.15นาที,Direct,867,฿867,2026-01-20T19:54:19.581242,airpaz.com
2026-03-19,BKKA,DMK,KKC,KKC,Thai Lion Air,SL,08:00,09:10,1ชม.10นาที,Direct,869,฿869,2026-01-20T19:54:19.622644,airpaz.com
2026-03-20,BKKA,BKK,KKC,KKC,Thai AirAsia,FD,11:10,12:30,1ชม.20นาที,Direct,824,฿824,2026-01-20T19:54:49.011582,airpaz.com
2026-03-20,BKKA,DMK,KKC,KKC,Thai AirAsia,FD,17:45,18:50,1ชม.5นาที,Direct,856,฿856,2026-01-20T19:54:49.066742,airpaz.com
2026-03-20,BKKA,DMK,KKC,KKC,Thai AirAsia,FD,18:55,20:00,1ชม.5นาที,Direct,859,฿859,2026-01-20T19:54:49.115510,airpaz.com
2026-03-20,BKKA,DMK,KKC,KKC,Thai AirAsia,FD,12:20,13:30,1ชม.10นาที,Direct,860,฿860,2026-01-20T19:54:49.158602,airpaz.com
2026-03-20,BKKA,BKK,KKC,KKC,Thai VietJet Air,VZ,07:05,08:10,1ชม.5นาที,Direct,861,฿861,2026-01-20T19:54:49.209641,airpaz.com
2026-03-20,BKKA,DMK,KKC,KKC,Thai AirAsia,FD,14:45,15:50,1ชม.5นาที,Direct,863,฿863,2026-01-20T19:54:49.254921,airpaz.com
2026-03-20,BKKA,DMK,KKC,KKC,Thai AirAsia,FD,10:45,11:50,1ชม.5นาที,Direct,865,฿865,2026-01-20T19:54:49.304527,airpaz.com
2026-03-20,BKKA,DMK,KKC,KKC,Thai AirAsia,FD,07:25,08:40,1ชม.15นาที,Direct,867,฿867,2026-01-20T19:54:49.347399,airpaz.com
2026-03-20,BKKA,DMK,KKC,KKC,Thai Lion Air,SL,08:00,09:10,1ชม.10นาที,Direct,869,฿869,2026-01-20T19:54:49.390775,airpaz.com
2026-03-20,BKKA,DMK,KKC,KKC,Thai Lion Air,SL,15:40,16:50,1ชม.10นาที,Direct,875,฿875,2026-01-20T19:54:49.436971,airpaz.com
2026-03-20,BKKA,DMK,KKC,KKC,Thai Lion Air,SL,11:00,12:00,1ชม.0นาที,Direct,877,฿877,2026-01-20T19:54:49.490239,airpaz.com
2026-03-20,BKKA,BKK,KKC,KKC,Thai AirAsia,FD,19:10,20:20,1ชม.10นาที,Direct,979,฿979,2026-01-20T19:54:49.546416,airpaz.com
2026-03-20,BKKA,BKK,KKC,KKC,Thai VietJet Air,VZ,17:25,18:30,1ชม.5นาที,Direct,1525,"฿1,525",2026-01-20T19:54:49.585696,airpaz.com
2026-03-21,BKKA,BKK,KKC,KKC,Thai AirAsia,FD,11:10,12:30,1ชม.20นาที,Direct,824,฿824,2026-01-20T19:55:18.892741,airpaz.com
2026-03-21,BKKA,BKK,KKC,KKC,Thai AirAsia,FD,19:10,20:20,1ชม.10นาที,Direct,832,฿832,2026-01-20T19:55:18.932112,airpaz.com
2026-03-21,BKKA,DMK,KKC,KKC,Thai AirAsia,FD,18:55,20:00,1ชม.5นาที,Direct,859,฿859,2026-01-20T19:55:18.972816,airpaz.com
2026-03-21,BKKA,DMK,KKC,KKC,Thai AirAsia,FD,12:20,13:30,1ชม.10นาที,Direct,860,฿860,2026-01-20T19:55:19.004886,airpaz.com
2026-03-21,BKKA,DMK,KKC,KKC,Thai AirAsia,FD,14:45,15:50,1ชม.5นาที,Direct,863,฿863,2026-01-20T19:55:19.036790,airpaz.com
2026-03-21,BKKA,DMK,KKC,KKC,Thai AirAsia,FD,10:45,11:50,1ชม.5นาที,Direct,865,฿865,2026-01-20T19:55:19.068900,airpaz.com
2026-03-21,BKKA,DMK,KKC,KKC,Thai AirAsia,FD,07:25,08:40,1ชม.15นาที,Direct,867,฿867,2026-01-20T19:55:19.100353,airpaz.com
2026-03-21,BKKA,DMK,KKC,KKC,Thai AirAsia,FD,17:45,18:50,1ชม.5นาที,Direct,1093,"฿1,093",2026-01-20T19:55:19.131018,airpaz.com
2026-03-21,BKKA,DMK,KKC,KKC,Thai Lion Air,SL,08:00,09:10,1ชม.10นาที,Direct,869,฿869,2026-01-20T19:55:19.166320,airpaz.com
2026-03-21,BKKA,DMK,KKC,KKC,Thai Lion Air,SL,15:40,16:50,1ชม.10นาที,Direct,875,฿875,2026-01-20T19:55:19.204642,airpaz.com
2026-03-21,BKKA,DMK,KKC,KKC,Thai Lion Air,SL,18:15,19:20,1ชม.5นาที,Direct,875,฿875,2026-01-20T19:55:19.248735,airpaz.com
2026-03-22,BKKA,BKK,KKC,KKC,Thai AirAsia,FD,11:10,12:30,1ชม.20นาที,Direct,824,฿824,2026-01-20T19:55:29.667107,airpaz.com
2026-03-22,BKKA,BKK,KKC,KKC,Thai AirAsia,FD,19:10,20:20,1ชม.10นาที,Direct,832,฿832,2026-01-20T19:55:29.711820,airpaz.com
2026-03-22,BKKA,DMK,KKC,KKC,Thai AirAsia,FD,18:55,20:00,1ชม.5นาที,Direct,859,฿859,2026-01-20T19:55:29.743404,airpaz.com
2026-03-22,BKKA,DMK,KKC,KKC,Thai AirAsia,FD,12:20,13:30,1ชม.10นาที,Direct,860,฿860,2026-01-20T19:55:29.773645,airpaz.com
2026-03-22,BKKA,DMK,KKC,KKC,Thai AirAsia,FD,14:45,15:50,1ชม.5นาที,Direct,863,฿863,2026-01-20T19:55:29.807168,airpaz.com
2026-03-22,BKKA,DMK,KKC,KKC,Thai AirAsia,FD,10:45,11:50,1ชม.5นาที,Direct,865,฿865,2026-01-20T19:55:29.843486,airpaz.com
2026-03-22,BKKA,DMK,KKC,KKC,Thai AirAsia,FD,07:25,08:40,1ชม.15นาที,Direct,867,฿867,2026-01-20T19:55:29.875526,airpaz.com
2026-03-22,BKKA,DMK,KKC,KKC,Thai AirAsia,FD,17:45,18:50,1ชม.5นาที,Direct,1093,"฿1,093",2026-01-20T19:55:29.907212,airpaz.com
2026-03-22,BKKA,DMK,KKC,KKC,Thai Lion Air,SL,08:00,09:10,1ชม.10นาที,Direct,869,฿869,2026-01-20T19:55:29.942079,airpaz.com
2026-03-22,BKKA,DMK,KKC,KKC,Thai Lion Air,SL,15:40,16:50,1ชม.10นาที,Direct,875,฿875,2026-01-20T19:55:29.982991,airpaz.com
2026-03-22,BKKA,DMK,KKC,KKC,Thai Lion Air,SL,18:15,19:20,1ชม.5นาที,Direct,875,฿875,2026-01-20T19:55:30.031097,airpaz.com
2026-03-24,BKKA,BKK,KKC,KKC,Thai AirAsia,FD,11:10,12:30,1ชม.20นาที,Direct,824,฿824,2026-01-20T19:57:12.090850,airpaz.com
2026-03-24,BKKA,BKK,KKC,KKC,Thai AirAsia,FD,19:10,20:20,1ชม.10นาที,Direct,832,฿832,2026-01-20T19:57:12.134359,airpaz.com
2026-03-24,BKKA,DMK,KKC,KKC,Thai AirAsia,FD,18:00,19:05,1ชม.5นาที,Direct,856,฿856,2026-01-20T19:57:12.178786,airpaz.com
2026-03-24,BKKA,DMK,KKC,KKC,Thai AirAsia,FD,18:55,20:00,1ชม.5นาที,Direct,859,฿859,2026-01-20T19:57:12.222779,airpaz.com
2026-03-24,BKKA,DMK,KKC,KKC,Thai AirAsia,FD,12:20,13:30,1ชม.10นาที,Direct,860,฿860,2026-01-20T19:57:12.279723,airpaz.com
2026-03-24,BKKA,DMK,KKC,KKC,Thai AirAsia,FD,14:45,15:50,1ชม.5นาที,Direct,863,฿863,2026-01-20T19:57:12.326898,airpaz.com
2026-03-24,BKKA,DMK,KKC,KKC,Thai AirAsia,FD,10:45,11:50,1ชม.5นาที,Direct,865,฿865,2026-01-20T19:57:12.375163,airpaz.com
2026-03-24,BKKA,DMK,KKC,KKC,Thai AirAsia,FD,07:25,08:40,1ชม.15นาที,Direct,867,฿867,2026-01-20T19:57:12.452094,airpaz.com
2026-03-24,BKKA,DMK,KKC,KKC,Thai Lion Air,SL,08:00,09:10,1ชม.10นาที,Direct,869,฿869,2026-01-20T19:57:12.495494,airpaz.com
2026-03-25,BKKA,BKK,KKC,KKC,Thai AirAsia,FD,11:10,12:30,1ชม.20นาที,Direct,824,฿824,2026-01-20T19:57:41.370491,airpaz.com
2026-03-25,BKKA,BKK,KKC,KKC,Thai AirAsia,FD,19:10,20:20,1ชม.10นาที,Direct,832,฿832,2026-01-20T19:57:41.425566,airpaz.com
2026-03-25,BKKA,DMK,KKC,KKC,Thai AirAsia,FD,17:45,18:50,1ชม.5นาที,Direct,856,฿856,2026-01-20T19:57:41.482257,airpaz.com
2026-03-25,BKKA,DMK,KKC,KKC,Thai AirAsia,FD,18:55,20:00,1ชม.5นาที,Direct,859,฿859,2026-01-20T19:57:41.523732,airpaz.com
2026-03-25,BKKA,DMK,KKC,KKC,Thai AirAsia,FD,12:20,13:30,1ชม.10นาที,Direct,860,฿860,2026-01-20T19:57:41.571432,airpaz.com
2026-03-25,BKKA,DMK,KKC,KKC,Thai AirAsia,FD,14:45,15:50,1ชม.5นาที,Direct,863,฿863,2026-01-20T19:57:41.612338,airpaz.com
2026-03-25,BKKA,DMK,KKC,KKC,Thai AirAsia,FD,10:45,11:50,1ชม.5นาที,Direct,865,฿865,2026-01-20T19:57:41.663159,airpaz.com
2026-03-25,BKKA,DMK,KKC,KKC,Thai AirAsia,FD,07:25,08:40,1ชม.15นาที,Direct,867,฿867,2026-01-20T19:57:41.710557,airpaz.com
2026-03-26,BKKA,BKK,KKC,KKC,Thai AirAsia,FD,11:10,12:30,1ชม.20นาที,Direct,824,฿824,2026-01-20T19:57:51.977093,airpaz.com
2026-03-26,BKKA,BKK,KKC,KKC,Thai AirAsia,FD,19:10,20:20,1ชม.10นาที,Direct,832,฿832,2026-01-20T19:57:52.025661,airpaz.com
2026-03-26,BKKA,DMK,KKC,KKC,Thai AirAsia,FD,17:45,18:50,1ชม.5นาที,Direct,856,฿856,2026-01-20T19:57:52.075424,airpaz.com
2026-03-26,BKKA,DMK,KKC,KKC,Thai AirAsia,FD,18:55,20:00,1ชม.5นาที,Direct,859,฿859,2026-01-20T19:57:52.128282,airpaz.com
2026-03-26,BKKA,DMK,KKC,KKC,Thai AirAsia,FD,12:20,13:30,1ชม.10นาที,Direct,860,฿860,2026-01-20T19:57:52.197171,airpaz.com
2026-03-26,BKKA,BKK,KKC,KKC,Thai VietJet Air,VZ,07:05,08:10,1ชม.5นาที,Direct,861,฿861,2026-01-20T19:57:52.261035,airpaz.com
2026-03-26,BKKA,DMK,KKC,KKC,Thai AirAsia,FD,14:45,15:50,1ชม.5นาที,Direct,863,฿863,2026-01-20T19:57:52.337894,airpaz.com
2026-03-26,BKKA,DMK,KKC,KKC,Thai AirAsia,FD,10:45,11:50,1ชม.5นาที,Direct,865,฿865,2026-01-20T19:57:52.393939,airpaz.com
2026-03-26,BKKA,DMK,KKC,KKC,Thai AirAsia,FD,07:25,08:40,1ชม.15นาที,Direct,867,฿867,2026-01-20T19:57:52.440272,airpaz.com
2026-03-26,BKKA,DMK,KKC,KKC,Thai Lion Air,SL,08:00,09:10,1ชม.10นาที,Direct,869,฿869,2026-01-20T19:57:52.482822,airpaz.com
2026-03-27,BKKA,BKK,KKC,KKC,Thai AirAsia,FD,11:10,12:30,1ชม.20นาที,Direct,824,฿824,2026-01-20T19:58:20.767847,airpaz.com
2026-03-27,BKKA,BKK,KKC,KKC,Thai AirAsia,FD,19:10,20:20,1ชม.10นาที,Direct,832,฿832,2026-01-20T19:58:20.809794,airpaz.com
2026-03-27,BKKA,BKK,KKC,KKC,Thai VietJet Air,VZ,07:05,08:10,1ชม.5นาที,Direct,856,฿856,2026-01-20T19:58:20.880524,airpaz.com
2026-03-27,BKKA,DMK,KKC,KKC,Thai AirAsia,FD,17:45,18:50,1ชม.5นาที,Direct,856,฿856,2026-01-20T19:58:20.962192,airpaz.com
2026-03-27,BKKA,DMK,KKC,KKC,Thai AirAsia,FD,18:55,20:00,1ชม.5นาที,Direct,859,฿859,2026-01-20T19:58:21.010476,airpaz.com
2026-03-27,BKKA,DMK,KKC,KKC,Thai AirAsia,FD,12:20,13:30,1ชม.10นาที,Direct,860,฿860,2026-01-20T19:58:21.065419,airpaz.com
2026-03-27,BKKA,DMK,KKC,KKC,Thai AirAsia,FD,14:45,15:50,1ชม.5นาที,Direct,863,฿863,2026-01-20T19:58:21.121440,airpaz.com
2026-03-27,BKKA,DMK,KKC,KKC,Thai AirAsia,FD,10:45,11:50,1ชม.5นาที,Direct,865,฿865,2026-01-20T19:58:21.179189,airpaz.com
2026-03-27,BKKA,DMK,KKC,KKC,Thai AirAsia,FD,07:25,08:40,1ชม.15นาที,Direct,867,฿867,2026-01-20T19:58:21.226416,airpaz.com
2026-03-27,BKKA,DMK,KKC,KKC,Thai Lion Air,SL,08:00,09:10,1ชม.10นาที,Direct,869,฿869,2026-01-20T19:58:21.278940,airpaz.com
2026-03-28,BKKA,BKK,KKC,KKC,Thai AirAsia,FD,19:10,20:20,1ชม.10นาที,Direct,832,฿832,2026-01-20T19:58:49.888511,airpaz.com
2026-03-28,BKKA,DMK,KKC,KKC,Thai AirAsia,FD,17:45,18:50,1ชม.5นาที,Direct,856,฿856,2026-01-20T19:58:49.988320,airpaz.com
2026-03-28,BKKA,DMK,KKC,KKC,Thai AirAsia,FD,18:55,20:00,1ชม.5นาที,Direct,859,฿859,2026-01-20T19:58:50.036502,airpaz.com
2026-03-28,BKKA,DMK,KKC,KKC,Thai AirAsia,FD,12:20,13:30,1ชม.10นาที,Direct,860,฿860,2026-01-20T19:58:50.082217,airpaz.com
2026-03-28,BKKA,DMK,KKC,KKC,Thai AirAsia,FD,14:45,15:50,1ชม.5นาที,Direct,863,฿863,2026-01-20T19:58:50.132258,airpaz.com
2026-03-28,BKKA,DMK,KKC,KKC,Thai AirAsia,FD,10:45,11:50,1ชม.5นาที,Direct,865,฿865,2026-01-20T19:58:50.180625,airpaz.com
2026-03-28,BKKA,DMK,KKC,KKC,Thai AirAsia,FD,07:25,08:40,1ชม.15นาที,Direct,867,฿867,2026-01-20T19:58:50.224388,airpaz.com
2026-03-28,BKKA,DMK,KKC,KKC,Thai Lion Air,SL,08:00,09:10,1ชม.10นาที,Direct,869,฿869,2026-01-20T19:58:50.267901,airpaz.com
2026-03-28,BKKA,DMK,KKC,KKC,Thai Lion Air,SL,15:40,16:50,1ชม.10นาที,Direct,875,฿875,2026-01-20T19:58:50.313180,airpaz.com
2026-03-28,BKKA,DMK,KKC,KKC,Thai Lion Air,SL,18:15,19:20,1ชม.5นาที,Direct,875,฿875,2026-01-20T19:58:50.357725,airpaz.com
2026-03-29,BKKA,BKK,KKC,KKC,Thai AirAsia,FD,11:25,12:35,1ชม.10นาที,Direct,824,฿824,2026-01-20T19:59:29.591509,airpaz.com
2026-03-29,BKKA,BKK,KKC,KKC,Thai AirAsia,FD,19:10,20:20,1ชม.10นาที,Direct,832,฿832,2026-01-20T19:59:29.666765,airpaz.com
2026-03-30,BKKA,BKK,KKC,KKC,Thai AirAsia,FD,11:25,12:35,1ชม.10นาที,Direct,824,฿824,2026-01-20T19:59:33.851454,airpaz.com
2026-03-30,BKKA,BKK,KKC,KKC,Thai AirAsia,FD,19:10,20:20,1ชม.10นาที,Direct,832,฿832,2026-01-20T19:59:33.890307,airpaz.com
2026-03-30,BKKA,DMK,KKC,KKC,Thai AirAsia,FD,16:55,18:00,1ชม.5นาที,Direct,856,฿856,2026-01-20T19:59:33.931096,airpaz.com
2026-03-30,BKKA,DMK,KKC,KKC,Thai AirAsia,FD,12:55,14:00,1ชม.5นาที,Direct,859,฿859,2026-01-20T19:59:33.971636,airpaz.com
2026-03-30,BKKA,DMK,KKC,KKC,Thai AirAsia,FD,11:45,12:45,1ชม.0นาที,Direct,860,฿860,2026-01-20T19:59:34.009042,airpaz.com
2026-03-30,BKKA,BKK,KKC,KKC,Thai VietJet Air,VZ,07:05,08:10,1ชม.5นาที,Direct,861,฿861,2026-01-20T19:59:34.051586,airpaz.com
2026-03-30,BKKA,DMK,KKC,KKC,Thai AirAsia,FD,14:25,15:35,1ชม.10นาที,Direct,863,฿863,2026-01-20T19:59:34.092501,airpaz.com
2026-03-30,BKKA,DMK,KKC,KKC,Thai AirAsia,FD,08:25,09:30,1ชม.5นาที,Direct,865,฿865,2026-01-20T19:59:34.133620,airpaz.com
2026-03-30,BKKA,DMK,KKC,KKC,Thai AirAsia,FD,07:00,08:00,1ชม.0นาที,Direct,867,฿867,2026-01-20T19:59:34.176307,airpaz.com
2026-03-30,BKKA,DMK,KKC,KKC,Thai Lion Air,SL,08:00,09:10,1ชม.10นาที,Direct,869,฿869,2026-01-20T19:59:34.217527,airpaz.com
2026-03-31,BKKA,BKK,KKC,KKC,Thai AirAsia,FD,11:25,12:35,1ชม.10นาที,Direct,824,฿824,2026-01-20T20:00:02.634064,airpaz.com
2026-03-31,BKKA,BKK,KKC,KKC,Thai AirAsia,FD,19:10,20:20,1ชม.10นาที,Direct,832,฿832,2026-01-20T20:00:02.692450,airpaz.com
2026-03-31,BKKA,DMK,KKC,KKC,Thai AirAsia,FD,16:55,18:00,1ชม.5นาที,Direct,856,฿856,2026-01-20T20:00:02.737091,airpaz.com
2026-03-31,BKKA,DMK,KKC,KKC,Thai AirAsia,FD,12:55,14:00,1ชม.5นาที,Direct,859,฿859,2026-01-20T20:00:02.779357,airpaz.com
2026-03-31,BKKA,DMK,KKC,KKC,Thai AirAsia,FD,11:45,12:45,1ชม.0นาที,Direct,860,฿860,2026-01-20T20:00:02.817700,airpaz.com
2026-03-31,BKKA,DMK,KKC,KKC,Thai AirAsia,FD,14:25,15:35,1ชม.10นาที,Direct,863,฿863,2026-01-20T20:00:02.859150,airpaz.com
2026-03-31,BKKA,DMK,KKC,KKC,Thai AirAsia,FD,08:25,09:30,1ชม.5นาที,Direct,865,฿865,2026-01-20T20:00:02.899378,airpaz.com
2026-03-31,BKKA,DMK,KKC,KKC,Thai AirAsia,FD,07:00,08:00,1ชม.0นาที,Direct,867,฿867,2026-01-20T20:00:02.940524,airpaz.com
2026-03-31,BKKA,DMK,KKC,KKC,Thai Lion Air,SL,08:00,09:10,1ชม.10นาที,Direct,869,฿869,2026-01-20T20:00:02.983155,airpaz.com
2026-03-31,BKKA,DMK,KKC,KKC,Thai Lion Air,SL,15:40,16:50,1ชม.10นาที,Direct,875,฿875,2026-01-20T20:00:03.026572,airpaz.com
2026-04-01,BKKA,BKK,KKC,KKC,Thai AirAsia,FD,11:25,12:35,1ชม.10นาที,Direct,824,฿824,2026-01-20T20:00:31.516122,airpaz.com
2026-04-01,BKKA,BKK,KKC,KKC,Thai AirAsia,FD,19:10,20:20,1ชม.10นาที,Direct,832,฿832,2026-01-20T20:00:31.593901,airpaz.com
2026-04-01,BKKA,DMK,KKC,KKC,Thai AirAsia,FD,16:55,18:00,1ชม.5นาที,Direct,903,฿903,2026-01-20T20:00:31.638327,airpaz.com
2026-04-01,BKKA,DMK,KKC,KKC,Thai AirAsia,FD,12:55,14:00,1ชม.5นาที,Direct,907,฿907,2026-01-20T20:00:31.678215,airpaz.com
2026-04-01,BKKA,DMK,KKC,KKC,Thai AirAsia,FD,08:25,09:30,1ชม.5นาที,Direct,913,฿913,2026-01-20T20:00:31.721134,airpaz.com
2026-04-01,BKKA,DMK,KKC,KKC,Thai AirAsia,FD,07:00,08:00,1ชม.0นาที,Direct,915,฿915,2026-01-20T20:00:31.762544,airpaz.com
2026-04-01,BKKA,DMK,KKC,KKC,Thai Lion Air,SL,08:00,09:10,1ชม.10นาที,Direct,917,฿917,2026-01-20T20:00:31.809348,airpaz.com
2026-04-01,BKKA,DMK,KKC,KKC,Thai Lion Air,SL,15:40,16:50,1ชม.10นาที,Direct,923,฿923,2026-01-20T20:00:31.849411,airpaz.com
2026-04-01,BKKA,DMK,KKC,KKC,Thai Lion Air,SL,11:00,12:05,1ชม.5นาที,Direct,925,฿925,2026-01-20T20:00:31.887086,airpaz.com
2026-04-01,BKKA,DMK,KKC,KKC,Thai AirAsia,FD,18:55,20:00,1ชม.5นาที,Direct,951,฿951,2026-01-20T20:00:31.927011,airpaz.com
2026-04-02,BKKA,BKK,KKC,KKC,Thai AirAsia,FD,11:25,12:35,1ชม.10นาที,Direct,824,฿824,2026-01-20T20:00:42.793828,airpaz.com
2026-04-02,BKKA,BKK,KKC,KKC,Thai AirAsia,FD,19:10,20:20,1ชม.10นาที,Direct,832,฿832,2026-01-20T20:00:42.834914,airpaz.com
2026-04-02,BKKA,BKK,KKC,KKC,Thai VietJet Air,VZ,07:05,08:10,1ชม.5นาที,Direct,861,฿861,2026-01-20T20:00:42.872703,airpaz.com
2026-04-02,BKKA,DMK,KKC,KKC,Thai AirAsia,FD,16:55,18:00,1ชม.5นาที,Direct,903,฿903,2026-01-20T20:00:42.914236,airpaz.com
2026-04-02,BKKA,DMK,KKC,KKC,Thai AirAsia,FD,12:55,14:00,1ชม.5นาที,Direct,907,฿907,2026-01-20T20:00:42.961896,airpaz.com
2026-04-02,BKKA,DMK,KKC,KKC,Thai AirAsia,FD,08:25,09:30,1ชม.5นาที,Direct,913,฿913,2026-01-20T20:00:43.001378,airpaz.com
2026-04-02,BKKA,DMK,KKC,KKC,Thai AirAsia,FD,07:00,08:00,1ชม.0นาที,Direct,915,฿915,2026-01-20T20:00:43.040040,airpaz.com
2026-04-02,BKKA,DMK,KKC,KKC,Thai Lion Air,SL,08:00,09:10,1ชม.10นาที,Direct,917,฿917,2026-01-20T20:00:43.080919,airpaz.com
2026-04-02,BKKA,DMK,KKC,KKC,Thai Lion Air,SL,15:40,16:50,1ชม.10นาที,Direct,923,฿923,2026-01-20T20:00:43.116313,airpaz.com
2026-04-02,BKKA,DMK,KKC,KKC,Thai Lion Air,SL,11:00,12:05,1ชม.5นาที,Direct,925,฿925,2026-01-20T20:00:43.156841,airpaz.com
2026-04-03,BKKA,DMK,KKC,KKC,Thai AirAsia,FD,12:55,14:00,1ชม.5นาที,Direct,907,฿907,2026-01-20T20:01:11.469434,airpaz.com
2026-04-03,BKKA,DMK,KKC,KKC,Thai AirAsia,FD,08:25,09:30,1ชม.5นาที,Direct,913,฿913,2026-01-20T20:01:11.521249,airpaz.com
2026-04-03,BKKA,DMK,KKC,KKC,Thai Lion Air,SL,08:00,09:10,1ชม.10นาที,Direct,917,฿917,2026-01-20T20:01:11.565909,airpaz.com
2026-04-03,BKKA,DMK,KKC,KKC,Thai Lion Air,SL,11:00,12:05,1ชม.5นาที,Direct,925,฿925,2026-01-20T20:01:11.605400,airpaz.com
2026-04-03,BKKA,BKK,KKC,KKC,Thai AirAsia,FD,11:25,12:35,1ชม.10นาที,Direct,970,฿970,2026-01-20T20:01:11.646315,airpaz.com
2026-04-03,BKKA,BKK,KKC,KKC,Thai AirAsia,FD,19:10,20:20,1ชม.10นาที,Direct,979,฿979,2026-01-20T20:01:11.690137,airpaz.com
2026-04-03,BKKA,DMK,KKC,KKC,Thai Lion Air,SL,15:40,16:50,1ชม.10นาที,Direct,996,฿996,2026-01-20T20:01:11.755415,airpaz.com
2026-04-03,BKKA,DMK,KKC,KKC,Thai AirAsia,FD,16:55,18:00,1ชม.5นาที,Direct,1236,"฿1,236",2026-01-20T20:01:11.807092,airpaz.com
2026-04-03,BKKA,DMK,KKC,KKC,Thai AirAsia,FD,11:45,12:45,1ชม.0นาที,Direct,1241,"฿1,241",2026-01-20T20:01:11.852520,airpaz.com
2026-04-03,BKKA,DMK,KKC,KKC,Thai AirAsia,FD,14:25,15:35,1ชม.10นาที,Direct,1246,"฿1,246",2026-01-20T20:01:11.895031,airpaz.com
2026-04-04,BKKA,DMK,KKC,KKC,Thai AirAsia,FD,12:55,14:00,1ชม.5นาที,Direct,907,฿907,2026-01-20T20:01:40.332403,airpaz.com
2026-04-04,BKKA,DMK,KKC,KKC,Thai AirAsia,FD,08:25,09:30,1ชม.5นาที,Direct,913,฿913,2026-01-20T20:01:40.406559,airpaz.com
2026-04-04,BKKA,DMK,KKC,KKC,Thai Lion Air,SL,08:00,09:10,1ชม.10นาที,Direct,917,฿917,2026-01-20T20:01:40.464863,airpaz.com
2026-04-04,BKKA,DMK,KKC,KKC,Thai Lion Air,SL,18:15,19:20,1ชม.5นาที,Direct,924,฿924,2026-01-20T20:01:40.524144,airpaz.com
2026-04-04,BKKA,BKK,KKC,KKC,Thai AirAsia,FD,19:10,20:20,1ชม.10นาที,Direct,979,฿979,2026-01-20T20:01:40.581095,airpaz.com
2026-04-04,BKKA,DMK,KKC,KKC,Thai Lion Air,SL,15:40,16:50,1ชม.10นาที,Direct,996,฿996,2026-01-20T20:01:40.625760,airpaz.com
2026-04-04,BKKA,DMK,KKC,KKC,Thai Lion Air,SL,11:00,12:05,1ชม.5นาที,Direct,998,฿998,2026-01-20T20:01:40.668814,airpaz.com
2026-04-04,BKKA,BKK,KKC,KKC,Thai AirAsia,FD,11:25,12:35,1ชม.10นาที,Direct,1163,"฿1,163",2026-01-20T20:01:40.708241,airpaz.com
2026-04-04,BKKA,DMK,KKC,KKC,Thai AirAsia,FD,16:55,18:00,1ชม.5นาที,Direct,1236,"฿1,236",2026-01-20T20:01:40.750367,airpaz.com
2026-04-04,BKKA,DMK,KKC,KKC,Thai AirAsia,FD,11:45,12:45,1ชม.0นาที,Direct,1241,"฿1,241",2026-01-20T20:01:40.792395,airpaz.com
2026-04-05,BKKA,DMK,KKC,KKC,Thai AirAsia,FD,08:25,09:30,1ชม.5นาที,Direct,913,฿913,2026-01-20T20:03:08.749512,airpaz.com
2026-04-05,BKKA,DMK,KKC,KKC,Thai AirAsia,FD,12:55,14:00,1ชม.5นาที,Direct,1097,"฿1,097",2026-01-20T20:03:08.791495,airpaz.com
2026-04-05,BKKA,BKK,KKC,KKC,Thai AirAsia,FD,11:25,12:35,1ชม.10นาที,Direct,1163,"฿1,163",2026-01-20T20:03:08.848575,airpaz.com
2026-04-05,BKKA,BKK,KKC,KKC,Thai AirAsia,FD,19:10,20:20,1ชม.10นาที,Direct,1173,"฿1,173",2026-01-20T20:03:08.893552,airpaz.com
2026-04-05,BKKA,DMK,KKC,KKC,Thai AirAsia,FD,16:55,18:00,1ชม.5นาที,Direct,1236,"฿1,236",2026-01-20T20:03:08.934678,airpaz.com
2026-04-05,BKKA,DMK,KKC,KKC,Thai AirAsia,FD,11:45,12:45,1ชม.0นาที,Direct,1241,"฿1,241",2026-01-20T20:03:08.975108,airpaz.com
2026-04-05,BKKA,DMK,KKC,KKC,Thai AirAsia,FD,14:25,15:35,1ชม.10นาที,Direct,1246,"฿1,246",2026-01-20T20:03:09.012340,airpaz.com
2026-04-05,BKKA,DMK,KKC,KKC,Thai AirAsia,FD,07:00,08:00,1ชม.0นาที,Direct,1251,"฿1,251",2026-01-20T20:03:09.059645,airpaz.com
2026-04-05,BKKA,DMK,KKC,KKC,Thai AirAsia,FD,18:55,20:00,1ชม.5นาที,Direct,1301,"฿1,301",2026-01-20T20:03:09.108519,airpaz.com
2026-04-05,BKKA,BKK,KKC,KKC,Thai VietJet Air,VZ,07:05,08:10,1ชม.5นาที,Direct,2970,"฿2,970",2026-01-20T20:03:09.151310,airpaz.com
2026-04-06,BKKA,DMK,KKC,KKC,Thai AirAsia,FD,12:55,14:00,1ชม.5นาที,Direct,907,฿907,2026-01-20T20:03:38.277179,airpaz.com
2026-04-06,BKKA,DMK,KKC,KKC,Thai AirAsia,FD,08:25,09:30,1ชม.5นาที,Direct,913,฿913,2026-01-20T20:03:38.329710,airpaz.com
2026-04-06,BKKA,DMK,KKC,KKC,Thai Lion Air,SL,08:00,09:10,1ชม.10นาที,Direct,917,฿917,2026-01-20T20:03:38.374931,airpaz.com
2026-04-06,BKKA,DMK,KKC,KKC,Thai Lion Air,SL,11:00,12:05,1ชม.5นาที,Direct,925,฿925,2026-01-20T20:03:38.425719,airpaz.com
2026-04-06,BKKA,BKK,KKC,KKC,Thai AirAsia,FD,11:25,12:35,1ชม.10นาที,Direct,970,฿970,2026-01-20T20:03:38.471919,airpaz.com
2026-04-06,BKKA,BKK,KKC,KKC,Thai AirAsia,FD,19:10,20:20,1ชม.10นาที,Direct,1173,"฿1,173",2026-01-20T20:03:38.518721,airpaz.com
2026-04-06,BKKA,DMK,KKC,KKC,Thai Lion Air,SL,15:40,16:50,1ชม.10นาที,Direct,1191,"฿1,191",2026-01-20T20:03:38.566572,airpaz.com
2026-04-06,BKKA,DMK,KKC,KKC,Thai AirAsia,FD,16:55,18:00,1ชม.5นาที,Direct,1236,"฿1,236",2026-01-20T20:03:38.633567,airpaz.com
2026-04-06,BKKA,DMK,KKC,KKC,Thai AirAsia,FD,11:45,12:45,1ชม.0นาที,Direct,1241,"฿1,241",2026-01-20T20:03:38.705466,airpaz.com
2026-04-06,BKKA,DMK,KKC,KKC,Thai AirAsia,FD,14:25,15:35,1ชม.10นาที,Direct,1246,"฿1,246",2026-01-20T20:03:38.756843,airpaz.com
2026-04-07,BKKA,BKK,KKC,KKC,Thai AirAsia,FD,11:25,12:35,1ชม.10นาที,Direct,824,฿824,2026-01-20T20:04:07.562995,airpaz.com
2026-04-07,BKKA,BKK,KKC,KKC,Thai AirAsia,FD,19:10,20:20,1ชม.10นาที,Direct,832,฿832,2026-01-20T20:04:07.605976,airpaz.com
2026-04-07,BKKA,DMK,KKC,KKC,Thai AirAsia,FD,12:55,14:00,1ชม.5นาที,Direct,907,฿907,2026-01-20T20:04:07.648519,airpaz.com
2026-04-07,BKKA,DMK,KKC,KKC,Thai AirAsia,FD,08:25,09:30,1ชม.5นาที,Direct,913,฿913,2026-01-20T20:04:07.761657,airpaz.com
2026-04-07,BKKA,DMK,KKC,KKC,Thai AirAsia,FD,16:55,18:00,1ชม.5นาที,Direct,1236,"฿1,236",2026-01-20T20:04:07.807946,airpaz.com
2026-04-07,BKKA,DMK,KKC,KKC,Thai AirAsia,FD,14:25,15:35,1ชม.10นาที,Direct,1246,"฿1,246",2026-01-20T20:04:07.852315,airpaz.com
2026-04-07,BKKA,DMK,KKC,KKC,Thai AirAsia,FD,07:00,08:00,1ชม.0นาที,Direct,1251,"฿1,251",2026-01-20T20:04:07.893428,airpaz.com
2026-04-07,BKKA,DMK,KKC,KKC,Thai AirAsia,FD,18:55,20:00,1ชม.5นาที,Direct,1301,"฿1,301",2026-01-20T20:04:07.935824,airpaz.com
2026-04-07,BKKA,DMK,KKC,KKC,Thai AirAsia,FD,11:45,12:45,1ชม.0นาที,Direct,1773,"฿1,773",2026-01-20T20:04:07.974576,airpaz.com
2026-04-08,BKKA,BKK,KKC,KKC,Thai AirAsia,FD,11:25,12:35,1ชม.10นาที,Direct,824,฿824,2026-01-20T20:04:11.854195,airpaz.com
2026-04-08,BKKA,BKK,KKC,KKC,Thai AirAsia,FD,19:10,20:20,1ชม.10นาที,Direct,832,฿832,2026-01-20T20:04:11.899734,airpaz.com
2026-04-08,BKKA,DMK,KKC,KKC,Thai AirAsia,FD,12:55,14:00,1ชม.5นาที,Direct,907,฿907,2026-01-20T20:04:11.945582,airpaz.com
2026-04-08,BKKA,DMK,KKC,KKC,Thai AirAsia,FD,08:25,09:30,1ชม.5นาที,Direct,913,฿913,2026-01-20T20:04:12.001263,airpaz.com
2026-04-08,BKKA,DMK,KKC,KKC,Thai Lion Air,SL,08:00,09:10,1ชม.10นาที,Direct,917,฿917,2026-01-20T20:04:12.045494,airpaz.com
2026-04-08,BKKA,DMK,KKC,KKC,Thai Lion Air,SL,15:40,16:50,1ชม.10นาที,Direct,923,฿923,2026-01-20T20:04:12.090665,airpaz.com
2026-04-08,BKKA,DMK,KKC,KKC,Thai Lion Air,SL,11:00,12:05,1ชม.5นาที,Direct,925,฿925,2026-01-20T20:04:12.135804,airpaz.com
2026-04-08,BKKA,DMK,KKC,KKC,Thai Lion Air,SL,18:15,19:20,1ชม.5นาที,Direct,1192,"฿1,192",2026-01-20T20:04:12.182531,airpaz.com
2026-04-08,BKKA,DMK,KKC,KKC,Thai AirAsia,FD,16:55,18:00,1ชม.5นาที,Direct,1236,"฿1,236",2026-01-20T20:04:12.234220,airpaz.com
2026-04-08,BKKA,DMK,KKC,KKC,Thai AirAsia,FD,14:25,15:35,1ชม.10นาที,Direct,1246,"฿1,246",2026-01-20T20:04:12.284382,airpaz.com
2026-04-09,BKKA,BKK,KKC,KKC,Thai AirAsia,FD,11:25,12:35,1ชม.10นาที,Direct,824,฿824,2026-01-20T20:04:14.797752,airpaz.com
2026-04-09,BKKA,BKK,KKC,KKC,Thai AirAsia,FD,19:10,20:20,1ชม.10นาที,Direct,832,฿832,2026-01-20T20:04:14.844607,airpaz.com
2026-04-09,BKKA,DMK,KKC,KKC,Thai AirAsia,FD,12:55,14:00,1ชม.5นาที,Direct,907,฿907,2026-01-20T20:04:14.889298,airpaz.com
2026-04-09,BKKA,DMK,KKC,KKC,Thai AirAsia,FD,08:25,09:30,1ชม.5นาที,Direct,913,฿913,2026-01-20T20:04:14.937668,airpaz.com
2026-04-09,BKKA,DMK,KKC,KKC,Thai Lion Air,SL,08:00,09:10,1ชม.10นาที,Direct,917,฿917,2026-01-20T20:04:14.983314,airpaz.com
2026-04-09,BKKA,DMK,KKC,KKC,Thai Lion Air,SL,15:40,16:50,1ชม.10นาที,Direct,923,฿923,2026-01-20T20:04:15.034410,airpaz.com
2026-04-09,BKKA,DMK,KKC,KKC,Thai Lion Air,SL,11:00,12:05,1ชม.5นาที,Direct,925,฿925,2026-01-20T20:04:15.076173,airpaz.com
2026-04-09,BKKA,DMK,KKC,KKC,Thai Lion Air,SL,18:15,19:20,1ชม.5นาที,Direct,1192,"฿1,192",2026-01-20T20:04:15.119006,airpaz.com
2026-04-09,BKKA,DMK,KKC,KKC,Thai AirAsia,FD,16:55,18:00,1ชม.5นาที,Direct,1236,"฿1,236",2026-01-20T20:04:15.181105,airpaz.com
2026-04-09,BKKA,DMK,KKC,KKC,Thai AirAsia,FD,14:25,15:35,1ชม.10นาที,Direct,1246,"฿1,246",2026-01-20T20:04:15.285753,airpaz.com
2026-04-10,BKKA,DMK,KKC,KKC,Thai Lion Air,SL,08:00,09:10,1ชม.10นาที,Direct,1376,"฿1,376",2026-01-20T20:04:43.713081,airpaz.com
2026-04-10,BKKA,DMK,KKC,KKC,Thai Lion Air,SL,11:00,12:05,1ชม.5นาที,Direct,1583,"฿1,583",2026-01-20T20:04:43.767472,airpaz.com
2026-04-10,BKKA,BKK,KKC,KKC,Thai AirAsia,FD,11:25,12:35,1ชม.10นาที,Direct,1747,"฿1,747",2026-01-20T20:04:43.821957,airpaz.com
2026-04-10,BKKA,DMK,KKC,KKC,Thai AirAsia,FD,16:55,18:00,1ชม.5นาที,Direct,1765,"฿1,765",2026-01-20T20:04:43.872754,airpaz.com
2026-04-10,BKKA,DMK,KKC,KKC,Thai AirAsia,FD,12:55,14:00,1ชม.5นาที,Direct,1772,"฿1,772",2026-01-20T20:04:43.920818,airpaz.com
2026-04-10,BKKA,DMK,KKC,KKC,Thai AirAsia,FD,11:45,12:45,1ชม.0นาที,Direct,1773,"฿1,773",2026-01-20T20:04:43.967228,airpaz.com
2026-04-10,BKKA,DMK,KKC,KKC,Thai Lion Air,SL,15:40,16:50,1ชม.10นาที,Direct,1774,"฿1,774",2026-01-20T20:04:44.082238,airpaz.com
2026-04-10,BKKA,DMK,KKC,KKC,Thai AirAsia,FD,14:25,15:35,1ชม.10นาที,Direct,1780,"฿1,780",2026-01-20T20:04:44.160499,airpaz.com
2026-04-10,BKKA,DMK,KKC,KKC,Thai AirAsia,FD,08:25,09:30,1ชม.5นาที,Direct,1784,"฿1,784",2026-01-20T20:04:44.209921,airpaz.com
2026-04-10,BKKA,DMK,KKC,KKC,Thai AirAsia,FD,07:00,08:00,1ชม.0นาที,Direct,1787,"฿1,787",2026-01-20T20:04:44.261534,airpaz.com
2026-04-11,BKKA,DMK,KKC,KKC,Thai AirAsia,FD,16:55,18:00,1ชม.5นาที,Direct,1765,"฿1,765",2026-01-20T20:05:12.886135,airpaz.com
2026-04-11,BKKA,DMK,KKC,KKC,Thai AirAsia,FD,12:55,14:00,1ชม.5นาที,Direct,1772,"฿1,772",2026-01-20T20:05:12.937585,airpaz.com
2026-04-11,BKKA,DMK,KKC,KKC,Thai AirAsia,FD,08:25,09:30,1ชม.5นาที,Direct,1784,"฿1,784",2026-01-20T20:05:12.982979,airpaz.com
2026-04-11,BKKA,DMK,KKC,KKC,Thai AirAsia,FD,18:55,20:00,1ชม.5นาที,Direct,1858,"฿1,858",2026-01-20T20:05:13.032662,airpaz.com
2026-04-11,BKKA,DMK,KKC,KKC,Thai Lion Air,SL,15:40,16:50,1ชม.10นาที,Direct,1968,"฿1,968",2026-01-20T20:05:13.082691,airpaz.com
2026-04-11,BKKA,DMK,KKC,KKC,Thai Lion Air,SL,18:15,19:20,1ชม.5นาที,Direct,1970,"฿1,970",2026-01-20T20:05:13.135333,airpaz.com
2026-04-11,BKKA,BKK,KKC,KKC,Thai AirAsia,FD,19:10,20:20,1ชม.10นาที,Direct,2086,"฿2,086",2026-01-20T20:05:13.187747,airpaz.com
2026-04-11,BKKA,DMK,KKC,KKC,Thai AirAsia,FD,14:25,15:35,1ชม.10นาที,Direct,2096,"฿2,096",2026-01-20T20:05:13.229834,airpaz.com
2026-04-11,BKKA,DMK,KKC,KKC,Thai AirAsia,FD,07:00,08:00,1ชม.0นาที,Direct,2104,"฿2,104",2026-01-20T20:05:13.289417,airpaz.com
2026-04-11,BKKA,DMK,KKC,KKC,Thai Lion Air,SL,08:00,09:10,1ชม.10นาที,Direct,2245,"฿2,245",2026-01-20T20:05:13.355306,airpaz.com
2026-04-12,BKKA,DMK,KKC,KKC,Thai AirAsia,FD,16:55,18:00,1ชม.5นาที,Direct,1765,"฿1,765",2026-01-20T20:05:17.433991,airpaz.com
2026-04-12,BKKA,DMK,KKC,KKC,Thai AirAsia,FD,12:55,14:00,1ชม.5นาที,Direct,1772,"฿1,772",2026-01-20T20:05:17.476382,airpaz.com
2026-04-12,BKKA,DMK,KKC,KKC,Thai AirAsia,FD,08:25,09:30,1ชม.5นาที,Direct,1784,"฿1,784",2026-01-20T20:05:17.521732,airpaz.com
2026-04-12,BKKA,DMK,KKC,KKC,Thai AirAsia,FD,18:55,20:00,1ชม.5นาที,Direct,1858,"฿1,858",2026-01-20T20:05:17.565172,airpaz.com
2026-04-12,BKKA,DMK,KKC,KKC,Thai Lion Air,SL,15:40,16:50,1ชม.10นาที,Direct,1968,"฿1,968",2026-01-20T20:05:17.606283,airpaz.com
2026-04-12,BKKA,DMK,KKC,KKC,Thai Lion Air,SL,18:15,19:20,1ชม.5นาที,Direct,1970,"฿1,970",2026-01-20T20:05:17.657572,airpaz.com
2026-04-12,BKKA,BKK,KKC,KKC,Thai AirAsia,FD,19:10,20:20,1ชม.10นาที,Direct,2086,"฿2,086",2026-01-20T20:05:17.699913,airpaz.com
2026-04-12,BKKA,DMK,KKC,KKC,Thai AirAsia,FD,14:25,15:35,1ชม.10นาที,Direct,2096,"฿2,096",2026-01-20T20:05:17.742160,airpaz.com
2026-04-12,BKKA,DMK,KKC,KKC,Thai AirAsia,FD,07:00,08:00,1ชม.0นาที,Direct,2104,"฿2,104",2026-01-20T20:05:17.784166,airpaz.com
2026-04-12,BKKA,DMK,KKC,KKC,Thai Lion Air,SL,08:00,09:10,1ชม.10นาที,Direct,2245,"฿2,245",2026-01-20T20:05:17.830110,airpaz.com
2026-04-13,BKKA,DMK,KKC,KKC,Thai AirAsia,FD,12:55,14:00,1ชม.5นาที,Direct,1097,"฿1,097",2026-01-20T20:05:51.837382,airpaz.com
2026-04-13,BKKA,BKK,KKC,KKC,Thai AirAsia,FD,19:10,20:20,1ชม.10นาที,Direct,1173,"฿1,173",2026-01-20T20:05:51.878060,airpaz.com
2026-04-13,BKKA,DMK,KKC,KKC,Thai AirAsia,FD,16:55,18:00,1ชม.5นาที,Direct,1236,"฿1,236",2026-01-20T20:05:51.923525,airpaz.com
2026-04-13,BKKA,DMK,KKC,KKC,Thai AirAsia,FD,18:55,20:00,1ชม.5นาที,Direct,1301,"฿1,301",2026-01-20T20:05:51.971621,airpaz.com
2026-04-13,BKKA,BKK,KKC,KKC,Thai AirAsia,FD,11:25,12:35,1ชม.10นาที,Direct,1747,"฿1,747",2026-01-20T20:05:52.043592,airpaz.com
2026-04-13,BKKA,DMK,KKC,KKC,Thai AirAsia,FD,11:45,12:45,1ชม.0นาที,Direct,1773,"฿1,773",2026-01-20T20:05:52.088217,airpaz.com
2026-04-13,BKKA,DMK,KKC,KKC,Thai AirAsia,FD,14:25,15:35,1ชม.10นาที,Direct,1780,"฿1,780",2026-01-20T20:05:52.130540,airpaz.com
2026-04-13,BKKA,DMK,KKC,KKC,Thai AirAsia,FD,08:25,09:30,1ชม.5นาที,Direct,1784,"฿1,784",2026-01-20T20:05:52.177495,airpaz.com
2026-04-13,BKKA,DMK,KKC,KKC,Thai AirAsia,FD,07:00,08:00,1ชม.0นาที,Direct,1787,"฿1,787",2026-01-20T20:05:52.220708,airpaz.com
2026-04-14,BKKA,DMK,KKC,KKC,Thai AirAsia,FD,12:55,14:00,1ชม.5นาที,Direct,1097,"฿1,097",2026-01-20T20:05:55.269692,airpaz.com
2026-04-14,BKKA,BKK,KKC,KKC,Thai AirAsia,FD,19:10,20:20,1ชม.10นาที,Direct,1173,"฿1,173",2026-01-20T20:05:55.318894,airpaz.com
2026-04-14,BKKA,DMK,KKC,KKC,Thai AirAsia,FD,16:55,18:00,1ชม.5นาที,Direct,1236,"฿1,236",2026-01-20T20:05:55.368250,airpaz.com
2026-04-14,BKKA,DMK,KKC,KKC,Thai Lion Air,SL,15:40,16:50,1ชม.10นาที,Direct,1288,"฿1,288",2026-01-20T20:05:55.418426,airpaz.com
2026-04-14,BKKA,DMK,KKC,KKC,Thai AirAsia,FD,18:55,20:00,1ชม.5นาที,Direct,1301,"฿1,301",2026-01-20T20:05:55.473561,airpaz.com
2026-04-14,BKKA,DMK,KKC,KKC,Thai Lion Air,SL,11:00,12:05,1ชม.5นาที,Direct,1388,"฿1,388",2026-01-20T20:05:55.523642,airpaz.com
2026-04-14,BKKA,BKK,KKC,KKC,Thai AirAsia,FD,11:25,12:35,1ชม.10นาที,Direct,1747,"฿1,747",2026-01-20T20:05:55.585649,airpaz.com
2026-04-14,BKKA,DMK,KKC,KKC,Thai Lion Air,SL,08:00,09:10,1ชม.10นาที,Direct,1763,"฿1,763",2026-01-20T20:05:55.655214,airpaz.com
2026-04-14,BKKA,DMK,KKC,KKC,Thai AirAsia,FD,11:45,12:45,1ชม.0นาที,Direct,1773,"฿1,773",2026-01-20T20:05:55.710194,airpaz.com
2026-04-14,BKKA,DMK,KKC,KKC,Thai AirAsia,FD,14:25,15:35,1ชม.10นาที,Direct,1780,"฿1,780",2026-01-20T20:05:55.766561,airpaz.com
2026-04-15,BKKA,DMK,KKC,KKC,Thai AirAsia,FD,12:55,14:00,1ชม.5นาที,Direct,1097,"฿1,097",2026-01-20T20:06:05.155083,airpaz.com
2026-04-15,BKKA,BKK,KKC,KKC,Thai AirAsia,FD,19:10,20:20,1ชม.10นาที,Direct,1173,"฿1,173",2026-01-20T20:06:05.199294,airpaz.com
2026-04-15,BKKA,DMK,KKC,KKC,Thai AirAsia,FD,16:55,18:00,1ชม.5นาที,Direct,1236,"฿1,236",2026-01-20T20:06:05.241263,airpaz.com
2026-04-15,BKKA,DMK,KKC,KKC,Thai Lion Air,SL,15:40,16:50,1ชม.10นาที,Direct,1288,"฿1,288",2026-01-20T20:06:05.289019,airpaz.com
2026-04-15,BKKA,DMK,KKC,KKC,Thai AirAsia,FD,18:55,20:00,1ชม.5นาที,Direct,1301,"฿1,301",2026-01-20T20:06:05.334395,airpaz.com
2026-04-15,BKKA,DMK,KKC,KKC,Thai Lion Air,SL,11:00,12:05,1ชม.5นาที,Direct,1388,"฿1,388",2026-01-20T20:06:05.378817,airpaz.com
2026-04-15,BKKA,BKK,KKC,KKC,Thai AirAsia,FD,11:25,12:35,1ชม.10นาที,Direct,1747,"฿1,747",2026-01-20T20:06:05.423740,airpaz.com
2026-04-15,BKKA,DMK,KKC,KKC,Thai Lion Air,SL,08:00,09:10,1ชม.10นาที,Direct,1763,"฿1,763",2026-01-20T20:06:05.473845,airpaz.com
2026-04-15,BKKA,DMK,KKC,KKC,Thai AirAsia,FD,11:45,12:45,1ชม.0นาที,Direct,1773,"฿1,773",2026-01-20T20:06:05.519886,airpaz.com
2026-04-15,BKKA,DMK,KKC,KKC,Thai AirAsia,FD,14:25,15:35,1ชม.10นาที,Direct,1780,"฿1,780",2026-01-20T20:06:05.563391,airpaz.com
2026-04-16,BKKA,BKK,KKC,KKC,Thai AirAsia,FD,11:25,12:35,1ชม.10นาที,Direct,824,฿824,2026-01-20T20:06:34.309734,airpaz.com
2026-04-16,BKKA,BKK,KKC,KKC,Thai AirAsia,FD,19:10,20:20,1ชม.10นาที,Direct,832,฿832,2026-01-20T20:06:34.355440,airpaz.com
2026-04-16,BKKA,DMK,KKC,KKC,Thai AirAsia,FD,16:55,18:00,1ชม.5นาที,Direct,1236,"฿1,236",2026-01-20T20:06:34.481127,airpaz.com
2026-04-16,BKKA,DMK,KKC,KKC,Thai AirAsia,FD,14:25,15:35,1ชม.10นาที,Direct,1246,"฿1,246",2026-01-20T20:06:34.557583,airpaz.com
2026-04-16,BKKA,DMK,KKC,KKC,Thai AirAsia,FD,07:00,08:00,1ชม.0นาที,Direct,1251,"฿1,251",2026-01-20T20:06:34.624430,airpaz.com
2026-04-16,BKKA,DMK,KKC,KKC,Thai AirAsia,FD,18:55,20:00,1ชม.5นาที,Direct,1301,"฿1,301",2026-01-20T20:06:34.667625,airpaz.com
2026-04-17,BKKA,BKK,KKC,KKC,Thai AirAsia,FD,11:25,12:35,1ชม.10นาที,Direct,824,฿824,2026-01-20T20:06:46.230368,airpaz.com
2026-04-17,BKKA,BKK,KKC,KKC,Thai AirAsia,FD,19:10,20:20,1ชม.10นาที,Direct,832,฿832,2026-01-20T20:06:46.272146,airpaz.com
2026-04-17,BKKA,DMK,KKC,KKC,Thai Lion Air,SL,08:00,09:10,1ชม.10นาที,Direct,1086,"฿1,086",2026-01-20T20:06:46.309657,airpaz.com
2026-04-17,BKKA,DMK,KKC,KKC,Thai Lion Air,SL,15:40,16:50,1ชม.10นาที,Direct,1093,"฿1,093",2026-01-20T20:06:46.349737,airpaz.com
2026-04-17,BKKA,DMK,KKC,KKC,Thai Lion Air,SL,18:15,19:20,1ชม.5นาที,Direct,1192,"฿1,192",2026-01-20T20:06:46.390696,airpaz.com
2026-04-17,BKKA,DMK,KKC,KKC,Thai Lion Air,SL,11:00,12:05,1ชม.5นาที,Direct,1193,"฿1,193",2026-01-20T20:06:46.433512,airpaz.com
2026-04-17,BKKA,DMK,KKC,KKC,Thai AirAsia,FD,16:55,18:00,1ชม.5นาที,Direct,1236,"฿1,236",2026-01-20T20:06:46.474484,airpaz.com
2026-04-17,BKKA,DMK,KKC,KKC,Thai AirAsia,FD,14:25,15:35,1ชม.10นาที,Direct,1246,"฿1,246",2026-01-20T20:06:46.515043,airpaz.com
2026-04-17,BKKA,DMK,KKC,KKC,Thai AirAsia,FD,07:00,08:00,1ชม.0นาที,Direct,1251,"฿1,251",2026-01-20T20:06:46.559620,airpaz.com
2026-04-17,BKKA,DMK,KKC,KKC,Thai AirAsia,FD,18:55,20:00,1ชม.5นาที,Direct,1301,"฿1,301",2026-01-20T20:06:46.609918,airpaz.com
2026-04-18,BKKA,BKK,KKC,KKC,Thai AirAsia,FD,19:10,20:20,1ชม.10นาที,Direct,832,฿832,2026-01-20T20:07:20.864551,airpaz.com
2026-04-18,BKKA,BKK,KKC,KKC,Thai AirAsia,FD,11:25,12:35,1ชม.10นาที,Direct,970,฿970,2026-01-20T20:07:20.903050,airpaz.com
2026-04-18,BKKA,DMK,KKC,KKC,Thai AirAsia,FD,16:55,18:00,1ชม.5นาที,Direct,1236,"฿1,236",2026-01-20T20:07:20.940179,airpaz.com
2026-04-18,BKKA,DMK,KKC,KKC,Thai AirAsia,FD,11:45,12:45,1ชม.0นาที,Direct,1241,"฿1,241",2026-01-20T20:07:20.981808,airpaz.com
2026-04-18,BKKA,DMK,KKC,KKC,Thai AirAsia,FD,14:25,15:35,1ชม.10นาที,Direct,1246,"฿1,246",2026-01-20T20:07:21.019442,airpaz.com
2026-04-18,BKKA,DMK,KKC,KKC,Thai AirAsia,FD,07:00,08:00,1ชม.0นาที,Direct,1251,"฿1,251",2026-01-20T20:07:21.057890,airpaz.com
2026-04-18,BKKA,DMK,KKC,KKC,Thai AirAsia,FD,18:55,20:00,1ชม.5นาที,Direct,1301,"฿1,301",2026-01-20T20:07:21.094009,airpaz.com
2026-04-18,BKKA,DMK,KKC,KKC,Thai AirAsia,FD,12:55,14:00,1ชม.5นาที,Direct,1772,"฿1,772",2026-01-20T20:07:21.136376,airpaz.com
2026-04-19,BKKA,BKK,KKC,KKC,Thai AirAsia,FD,11:25,12:35,1ชม.10นาที,Direct,824,฿824,2026-01-20T20:07:52.038501,airpaz.com
2026-04-19,BKKA,BKK,KKC,KKC,Thai AirAsia,FD,19:10,20:20,1ชม.10นาที,Direct,832,฿832,2026-01-20T20:07:52.107388,airpaz.com
2026-04-19,BKKA,DMK,KKC,KKC,Thai AirAsia,FD,16:55,18:00,1ชม.5นาที,Direct,1236,"฿1,236",2026-01-20T20:07:52.147224,airpaz.com
2026-04-19,BKKA,DMK,KKC,KKC,Thai AirAsia,FD,11:45,12:45,1ชม.0นาที,Direct,1241,"฿1,241",2026-01-20T20:07:52.218782,airpaz.com
2026-04-19,BKKA,DMK,KKC,KKC,Thai AirAsia,FD,14:25,15:35,1ชม.10นาที,Direct,1246,"฿1,246",2026-01-20T20:07:52.271406,airpaz.com
2026-04-19,BKKA,DMK,KKC,KKC,Thai AirAsia,FD,07:00,08:00,1ชม.0นาที,Direct,1251,"฿1,251",2026-01-20T20:07:52.310427,airpaz.com
2026-04-19,BKKA,DMK,KKC,KKC,Thai AirAsia,FD,18:55,20:00,1ชม.5นาที,Direct,1301,"฿1,301",2026-01-20T20:07:52.352396,airpaz.com
2026-04-19,BKKA,DMK,KKC,KKC,Thai AirAsia,FD,12:55,14:00,1ชม.5นาที,Direct,1772,"฿1,772",2026-01-20T20:07:52.389000,airpaz.com
2026-04-20,BKKA,BKK,KKC,KKC,Thai AirAsia,FD,11:25,12:35,1ชม.10นาที,Direct,824,฿824,2026-01-20T20:07:56.345220,airpaz.com
2026-04-20,BKKA,BKK,KKC,KKC,Thai AirAsia,FD,19:10,20:20,1ชม.10นาที,Direct,832,฿832,2026-01-20T20:07:56.383567,airpaz.com
2026-04-20,BKKA,BKK,KKC,KKC,Thai VietJet Air,VZ,07:05,08:10,1ชม.5นาที,Direct,968,฿968,2026-01-20T20:07:56.420005,airpaz.com
2026-04-20,BKKA,DMK,KKC,KKC,Thai Lion Air,SL,08:00,09:10,1ชม.10นาที,Direct,1086,"฿1,086",2026-01-20T20:07:56.462444,airpaz.com
2026-04-20,BKKA,DMK,KKC,KKC,Thai Lion Air,SL,15:40,16:50,1ชม.10นาที,Direct,1093,"฿1,093",2026-01-20T20:07:56.498245,airpaz.com
2026-04-20,BKKA,DMK,KKC,KKC,Thai Lion Air,SL,18:15,19:20,1ชม.5นาที,Direct,1094,"฿1,094",2026-01-20T20:07:56.541183,airpaz.com
2026-04-20,BKKA,DMK,KKC,KKC,Thai Lion Air,SL,11:00,12:05,1ชม.5นาที,Direct,1096,"฿1,096",2026-01-20T20:07:56.579148,airpaz.com
2026-04-20,BKKA,DMK,KKC,KKC,Thai AirAsia,FD,16:55,18:00,1ชม.5นาที,Direct,1236,"฿1,236",2026-01-20T20:07:56.620235,airpaz.com
2026-04-20,BKKA,DMK,KKC,KKC,Thai AirAsia,FD,11:45,12:45,1ชม.0นาที,Direct,1241,"฿1,241",2026-01-20T20:07:56.657095,airpaz.com
2026-04-20,BKKA,DMK,KKC,KKC,Thai AirAsia,FD,14:25,15:35,1ชม.10นาที,Direct,1246,"฿1,246",2026-01-20T20:07:56.691743,airpaz.com
2026-04-21,BKKA,BKK,KKC,KKC,Thai AirAsia,FD,11:25,12:35,1ชม.10นาที,Direct,824,฿824,2026-01-20T20:08:27.252540,airpaz.com
2026-04-21,BKKA,BKK,KKC,KKC,Thai AirAsia,FD,19:10,20:20,1ชม.10นาที,Direct,832,฿832,2026-01-20T20:08:27.329063,airpaz.com
2026-04-21,BKKA,DMK,KKC,KKC,Thai AirAsia,FD,16:55,18:00,1ชม.5นาที,Direct,856,฿856,2026-01-20T20:08:27.389360,airpaz.com
2026-04-21,BKKA,DMK,KKC,KKC,Thai AirAsia,FD,12:55,14:00,1ชม.5นาที,Direct,859,฿859,2026-01-20T20:08:27.445247,airpaz.com
2026-04-21,BKKA,DMK,KKC,KKC,Thai AirAsia,FD,11:45,12:45,1ชม.0นาที,Direct,860,฿860,2026-01-20T20:08:27.486615,airpaz.com
2026-04-21,BKKA,DMK,KKC,KKC,Thai AirAsia,FD,14:25,15:35,1ชม.10นาที,Direct,863,฿863,2026-01-20T20:08:27.526808,airpaz.com
2026-04-21,BKKA,DMK,KKC,KKC,Thai AirAsia,FD,08:25,09:30,1ชม.5นาที,Direct,865,฿865,2026-01-20T20:08:27.568937,airpaz.com
2026-04-21,BKKA,DMK,KKC,KKC,Thai AirAsia,FD,07:00,08:00,1ชม.0นาที,Direct,867,฿867,2026-01-20T20:08:27.606475,airpaz.com
2026-04-22,BKKA,BKK,KKC,KKC,Thai AirAsia,FD,11:25,12:35,1ชม.10นาที,Direct,824,฿824,2026-01-20T20:08:31.241539,airpaz.com
2026-04-22,BKKA,BKK,KKC,KKC,Thai AirAsia,FD,19:10,20:20,1ชม.10นาที,Direct,832,฿832,2026-01-20T20:08:31.295070,airpaz.com
2026-04-22,BKKA,DMK,KKC,KKC,Thai AirAsia,FD,16:55,18:00,1ชม.5นาที,Direct,856,฿856,2026-01-20T20:08:31.349715,airpaz.com
2026-04-22,BKKA,DMK,KKC,KKC,Thai AirAsia,FD,12:55,14:00,1ชม.5นาที,Direct,859,฿859,2026-01-20T20:08:31.402084,airpaz.com
2026-04-22,BKKA,DMK,KKC,KKC,Thai AirAsia,FD,11:45,12:45,1ชม.0นาที,Direct,860,฿860,2026-01-20T20:08:31.463403,airpaz.com
2026-04-22,BKKA,BKK,KKC,KKC,Thai VietJet Air,VZ,07:05,08:10,1ชม.5นาที,Direct,861,฿861,2026-01-20T20:08:31.516935,airpaz.com
2026-04-22,BKKA,BKK,KKC,KKC,Thai VietJet Air,VZ,17:30,18:35,1ชม.5นาที,Direct,862,฿862,2026-01-20T20:08:31.557467,airpaz.com
2026-04-22,BKKA,DMK,KKC,KKC,Thai AirAsia,FD,14:25,15:35,1ชม.10นาที,Direct,863,฿863,2026-01-20T20:08:31.596658,airpaz.com
2026-04-22,BKKA,DMK,KKC,KKC,Thai AirAsia,FD,08:25,09:30,1ชม.5นาที,Direct,865,฿865,2026-01-20T20:08:31.638086,airpaz.com
2026-04-22,BKKA,DMK,KKC,KKC,Thai AirAsia,FD,07:00,08:00,1ชม.0นาที,Direct,867,฿867,2026-01-20T20:08:31.684341,airpaz.com
2026-04-23,BKKA,BKK,KKC,KKC,Thai AirAsia,FD,11:25,12:35,1ชม.10นาที,Direct,824,฿824,2026-01-20T20:09:00.193542,airpaz.com
2026-04-23,BKKA,BKK,KKC,KKC,Thai AirAsia,FD,19:10,20:20,1ชม.10นาที,Direct,832,฿832,2026-01-20T20:09:00.243846,airpaz.com
2026-04-23,BKKA,DMK,KKC,KKC,Thai AirAsia,FD,16:55,18:00,1ชม.5นาที,Direct,856,฿856,2026-01-20T20:09:00.285912,airpaz.com
2026-04-23,BKKA,DMK,KKC,KKC,Thai AirAsia,FD,12:55,14:00,1ชม.5นาที,Direct,859,฿859,2026-01-20T20:09:00.349621,airpaz.com
2026-04-23,BKKA,DMK,KKC,KKC,Thai AirAsia,FD,11:45,12:45,1ชม.0นาที,Direct,860,฿860,2026-01-20T20:09:00.398117,airpaz.com
2026-04-23,BKKA,DMK,KKC,KKC,Thai AirAsia,FD,14:25,15:35,1ชม.10นาที,Direct,863,฿863,2026-01-20T20:09:00.437713,airpaz.com
2026-04-23,BKKA,DMK,KKC,KKC,Thai AirAsia,FD,08:25,09:30,1ชม.5นาที,Direct,865,฿865,2026-01-20T20:09:00.478731,airpaz.com
2026-04-23,BKKA,DMK,KKC,KKC,Thai AirAsia,FD,07:00,08:00,1ชม.0นาที,Direct,867,฿867,2026-01-20T20:09:00.517203,airpaz.com
2026-04-23,BKKA,DMK,KKC,KKC,Thai AirAsia,FD,18:55,20:00,1ชม.5นาที,Direct,901,฿901,2026-01-20T20:09:00.557055,airpaz.com
2026-04-23,BKKA,BKK,KKC,KKC,Thai VietJet Air,VZ,07:05,08:10,1ชม.5นาที,Direct,1087,"฿1,087",2026-01-20T20:09:00.596771,airpaz.com
2026-04-24,BKKA,BKK,KKC,KKC,Thai AirAsia,FD,11:25,12:35,1ชม.10นาที,Direct,824,฿824,2026-01-20T20:09:04.448628,airpaz.com
2026-04-24,BKKA,BKK,KKC,KKC,Thai AirAsia,FD,19:10,20:20,1ชม.10นาที,Direct,832,฿832,2026-01-20T20:09:04.500320,airpaz.com
2026-04-24,BKKA,DMK,KKC,KKC,Thai AirAsia,FD,16:55,18:00,1ชม.5นาที,Direct,856,฿856,2026-01-20T20:09:04.539785,airpaz.com
2026-04-24,BKKA,DMK,KKC,KKC,Thai AirAsia,FD,12:55,14:00,1ชม.5นาที,Direct,859,฿859,2026-01-20T20:09:04.584739,airpaz.com
2026-04-24,BKKA,DMK,KKC,KKC,Thai AirAsia,FD,11:45,12:45,1ชม.0นาที,Direct,860,฿860,2026-01-20T20:09:04.623787,airpaz.com
2026-04-24,BKKA,DMK,KKC,KKC,Thai AirAsia,FD,14:25,15:35,1ชม.10นาที,Direct,863,฿863,2026-01-20T20:09:04.666783,airpaz.com
2026-04-24,BKKA,DMK,KKC,KKC,Thai AirAsia,FD,08:25,09:30,1ชม.5นาที,Direct,865,฿865,2026-01-20T20:09:04.702780,airpaz.com
2026-04-24,BKKA,DMK,KKC,KKC,Thai AirAsia,FD,07:00,08:00,1ชม.0นาที,Direct,867,฿867,2026-01-20T20:09:04.741617,airpaz.com
2026-04-24,BKKA,DMK,KKC,KKC,Thai Lion Air,SL,08:00,09:10,1ชม.10นาที,Direct,869,฿869,2026-01-20T20:09:04.777080,airpaz.com
2026-04-24,BKKA,DMK,KKC,KKC,Thai Lion Air,SL,15:40,16:50,1ชม.10นาที,Direct,875,฿875,2026-01-20T20:09:04.813249,airpaz.com
2026-04-25,BKKA,BKK,KKC,KKC,Thai AirAsia,FD,11:25,12:35,1ชม.10นาที,Direct,824,฿824,2026-01-20T20:09:33.876682,airpaz.com
2026-04-25,BKKA,BKK,KKC,KKC,Thai AirAsia,FD,19:10,20:20,1ชม.10นาที,Direct,832,฿832,2026-01-20T20:09:33.912229,airpaz.com
2026-04-25,BKKA,DMK,KKC,KKC,Thai AirAsia,FD,16:55,18:00,1ชม.5นาที,Direct,856,฿856,2026-01-20T20:09:33.952733,airpaz.com
2026-04-25,BKKA,DMK,KKC,KKC,Thai AirAsia,FD,12:55,14:00,1ชม.5นาที,Direct,859,฿859,2026-01-20T20:09:33.990658,airpaz.com
2026-04-25,BKKA,DMK,KKC,KKC,Thai AirAsia,FD,11:45,12:45,1ชม.0นาที,Direct,860,฿860,2026-01-20T20:09:34.030018,airpaz.com
2026-04-25,BKKA,DMK,KKC,KKC,Thai AirAsia,FD,14:25,15:35,1ชม.10นาที,Direct,863,฿863,2026-01-20T20:09:34.065266,airpaz.com
2026-04-25,BKKA,DMK,KKC,KKC,Thai AirAsia,FD,08:25,09:30,1ชม.5นาที,Direct,865,฿865,2026-01-20T20:09:34.132098,airpaz.com
2026-04-25,BKKA,DMK,KKC,KKC,Thai AirAsia,FD,07:00,08:00,1ชม.0นาที,Direct,867,฿867,2026-01-20T20:09:34.185874,airpaz.com
2026-04-25,BKKA,DMK,KKC,KKC,Thai Lion Air,SL,08:00,09:10,1ชม.10นาที,Direct,869,฿869,2026-01-20T20:09:34.228655,airpaz.com
2026-04-25,BKKA,DMK,KKC,KKC,Thai Lion Air,SL,15:40,16:50,1ชม.10นาที,Direct,875,฿875,2026-01-20T20:09:34.267958,airpaz.com
2026-04-26,BKKA,BKK,KKC,KKC,Thai AirAsia,FD,11:25,12:35,1ชม.10นาที,Direct,824,฿824,2026-01-20T20:10:02.411586,airpaz.com
2026-04-26,BKKA,BKK,KKC,KKC,Thai AirAsia,FD,19:10,20:20,1ชม.10นาที,Direct,832,฿832,2026-01-20T20:10:02.468806,airpaz.com
2026-04-26,BKKA,DMK,KKC,KKC,Thai AirAsia,FD,16:55,18:00,1ชม.5นาที,Direct,856,฿856,2026-01-20T20:10:02.514726,airpaz.com
2026-04-26,BKKA,DMK,KKC,KKC,Thai AirAsia,FD,12:55,14:00,1ชม.5นาที,Direct,859,฿859,2026-01-20T20:10:02.559037,airpaz.com
2026-04-26,BKKA,DMK,KKC,KKC,Thai AirAsia,FD,11:45,12:45,1ชม.0นาที,Direct,860,฿860,2026-01-20T20:10:02.599845,airpaz.com
2026-04-26,BKKA,DMK,KKC,KKC,Thai AirAsia,FD,14:25,15:35,1ชม.10นาที,Direct,863,฿863,2026-01-20T20:10:02.656286,airpaz.com
2026-04-26,BKKA,DMK,KKC,KKC,Thai AirAsia,FD,08:25,09:30,1ชม.5นาที,Direct,865,฿865,2026-01-20T20:10:02.694104,airpaz.com
2026-04-26,BKKA,DMK,KKC,KKC,Thai AirAsia,FD,07:00,08:00,1ชม.0นาที,Direct,867,฿867,2026-01-20T20:10:02.774863,airpaz.com
2026-04-27,BKKA,BKK,KKC,KKC,Thai AirAsia,FD,11:25,12:35,1ชม.10นาที,Direct,824,฿824,2026-01-20T20:10:07.524897,airpaz.com
2026-04-27,BKKA,BKK,KKC,KKC,Thai AirAsia,FD,19:10,20:20,1ชม.10นาที,Direct,832,฿832,2026-01-20T20:10:07.563340,airpaz.com
2026-04-27,BKKA,DMK,KKC,KKC,Thai AirAsia,FD,16:55,18:00,1ชม.5นาที,Direct,856,฿856,2026-01-20T20:10:07.607447,airpaz.com
2026-04-27,BKKA,DMK,KKC,KKC,Thai AirAsia,FD,12:55,14:00,1ชม.5นาที,Direct,859,฿859,2026-01-20T20:10:07.643839,airpaz.com
2026-04-27,BKKA,DMK,KKC,KKC,Thai AirAsia,FD,11:45,12:45,1ชม.0นาที,Direct,860,฿860,2026-01-20T20:10:07.682924,airpaz.com
2026-04-27,BKKA,DMK,KKC,KKC,Thai AirAsia,FD,14:25,15:35,1ชม.10นาที,Direct,863,฿863,2026-01-20T20:10:07.718567,airpaz.com
2026-04-27,BKKA,DMK,KKC,KKC,Thai AirAsia,FD,08:25,09:30,1ชม.5นาที,Direct,865,฿865,2026-01-20T20:10:07.762705,airpaz.com
2026-04-27,BKKA,DMK,KKC,KKC,Thai AirAsia,FD,07:00,08:00,1ชม.0นาที,Direct,867,฿867,2026-01-20T20:10:07.802211,airpaz.com
2026-04-27,BKKA,DMK,KKC,KKC,Thai Lion Air,SL,08:00,09:10,1ชม.10นาที,Direct,869,฿869,2026-01-20T20:10:07.839290,airpaz.com
2026-04-27,BKKA,DMK,KKC,KKC,Thai Lion Air,SL,15:40,16:50,1ชม.10นาที,Direct,875,฿875,2026-01-20T20:10:07.877878,airpaz.com
2026-04-28,BKKA,BKK,KKC,KKC,Thai VietJet Air,VZ,07:05,08:10,1ชม.5นาที,Direct,572,฿572,2026-01-20T20:10:37.016281,airpaz.com
2026-04-28,BKKA,BKK,KKC,KKC,Thai AirAsia,FD,11:25,12:35,1ชม.10นาที,Direct,824,฿824,2026-01-20T20:10:37.068026,airpaz.com
2026-04-28,BKKA,BKK,KKC,KKC,Thai AirAsia,FD,19:10,20:20,1ชม.10นาที,Direct,832,฿832,2026-01-20T20:10:37.139464,airpaz.com
2026-04-28,BKKA,DMK,KKC,KKC,Thai AirAsia,FD,16:55,18:00,1ชม.5นาที,Direct,856,฿856,2026-01-20T20:10:37.179381,airpaz.com
2026-04-28,BKKA,DMK,KKC,KKC,Thai AirAsia,FD,12:55,14:00,1ชม.5นาที,Direct,859,฿859,2026-01-20T20:10:37.218700,airpaz.com
2026-04-28,BKKA,DMK,KKC,KKC,Thai AirAsia,FD,11:45,12:45,1ชม.0นาที,Direct,860,฿860,2026-01-20T20:10:37.259779,airpaz.com
2026-04-28,BKKA,BKK,KKC,KKC,Thai VietJet Air,VZ,17:30,18:35,1ชม.5นาที,Direct,862,฿862,2026-01-20T20:10:37.297511,airpaz.com
2026-04-28,BKKA,DMK,KKC,KKC,Thai AirAsia,FD,14:25,15:35,1ชม.10นาที,Direct,863,฿863,2026-01-20T20:10:37.337663,airpaz.com
2026-04-28,BKKA,DMK,KKC,KKC,Thai AirAsia,FD,08:25,09:30,1ชม.5นาที,Direct,865,฿865,2026-01-20T20:10:37.378116,airpaz.com
2026-04-28,BKKA,DMK,KKC,KKC,Thai AirAsia,FD,07:00,08:00,1ชม.0นาที,Direct,867,฿867,2026-01-20T20:10:37.416968,airpaz.com
2026-04-29,BKKA,BKK,KKC,KKC,Thai AirAsia,FD,11:25,12:35,1ชม.10นาที,Direct,824,฿824,2026-01-20T20:11:06.511508,airpaz.com
2026-04-29,BKKA,BKK,KKC,KKC,Thai AirAsia,FD,19:10,20:20,1ชม.10นาที,Direct,832,฿832,2026-01-20T20:11:06.554971,airpaz.com
2026-04-29,BKKA,DMK,KKC,KKC,Thai AirAsia,FD,16:55,18:00,1ชม.5นาที,Direct,856,฿856,2026-01-20T20:11:06.597377,airpaz.com
2026-04-29,BKKA,DMK,KKC,KKC,Thai AirAsia,FD,12:55,14:00,1ชม.5นาที,Direct,859,฿859,2026-01-20T20:11:06.641390,airpaz.com
2026-04-29,BKKA,DMK,KKC,KKC,Thai AirAsia,FD,11:45,12:45,1ชม.0นาที,Direct,860,฿860,2026-01-20T20:11:06.680900,airpaz.com
2026-04-29,BKKA,DMK,KKC,KKC,Thai AirAsia,FD,14:25,15:35,1ชม.10นาที,Direct,863,฿863,2026-01-20T20:11:06.725208,airpaz.com
2026-04-29,BKKA,DMK,KKC,KKC,Thai AirAsia,FD,08:25,09:30,1ชม.5นาที,Direct,865,฿865,2026-01-20T20:11:06.770931,airpaz.com
2026-04-29,BKKA,DMK,KKC,KKC,Thai AirAsia,FD,07:00,08:00,1ชม.0นาที,Direct,867,฿867,2026-01-20T20:11:06.859910,airpaz.com
2026-04-29,BKKA,DMK,KKC,KKC,Thai Lion Air,SL,08:00,09:10,1ชม.10นาที,Direct,869,฿869,2026-01-20T20:11:06.896236,airpaz.com
2026-04-29,BKKA,DMK,KKC,KKC,Thai Lion Air,SL,15:40,16:50,1ชม.10นาที,Direct,875,฿875,2026-01-20T20:11:06.937117,airpaz.com
2026-04-30,BKKA,BKK,KKC,KKC,Thai AirAsia,FD,11:25,12:35,1ชม.10นาที,Direct,824,฿824,2026-01-20T20:13:03.540953,airpaz.com
2026-04-30,BKKA,BKK,KKC,KKC,Thai AirAsia,FD,19:10,20:20,1ชม.10นาที,Direct,832,฿832,2026-01-20T20:13:03.584789,airpaz.com
2026-04-30,BKKA,DMK,KKC,KKC,Thai AirAsia,FD,08:25,09:30,1ชม.5นาที,Direct,865,฿865,2026-01-20T20:13:03.635777,airpaz.com
2026-04-30,BKKA,DMK,KKC,KKC,Thai AirAsia,FD,12:55,14:00,1ชม.5นาที,Direct,1097,"฿1,097",2026-01-20T20:13:03.719901,airpaz.com
2026-04-30,BKKA,DMK,KKC,KKC,Thai AirAsia,FD,16:55,18:00,1ชม.5นาที,Direct,1236,"฿1,236",2026-01-20T20:13:03.758082,airpaz.com
2026-04-30,BKKA,DMK,KKC,KKC,Thai AirAsia,FD,11:45,12:45,1ชม.0นาที,Direct,1241,"฿1,241",2026-01-20T20:13:03.795340,airpaz.com
2026-04-30,BKKA,DMK,KKC,KKC,Thai AirAsia,FD,14:25,15:35,1ชม.10นาที,Direct,1246,"฿1,246",2026-01-20T20:13:03.831274,airpaz.com
2026-04-30,BKKA,DMK,KKC,KKC,Thai AirAsia,FD,07:00,08:00,1ชม.0นาที,Direct,1251,"฿1,251",2026-01-20T20:13:03.872213,airpaz.com
2026-04-30,BKKA,DMK,KKC,KKC,Thai AirAsia,FD,18:55,20:00,1ชม.5นาที,Direct,1301,"฿1,301",2026-01-20T20:13:03.916059,airpaz.com
2026-05-01,BKKA,BKK,KKC,KKC,Thai AirAsia,FD,11:25,12:35,1ชม.10นาที,Direct,1163,"฿1,163",2026-01-20T20:13:32.936873,airpaz.com
2026-05-01,BKKA,BKK,KKC,KKC,Thai AirAsia,FD,19:10,20:20,1ชม.10นาที,Direct,1173,"฿1,173",2026-01-20T20:13:32.973658,airpaz.com
2026-05-01,BKKA,DMK,KKC,KKC,Thai AirAsia,FD,16:55,18:00,1ชม.5นาที,Direct,1236,"฿1,236",2026-01-20T20:13:33.017363,airpaz.com
2026-05-01,BKKA,DMK,KKC,KKC,Thai AirAsia,FD,11:45,12:45,1ชม.0นาที,Direct,1241,"฿1,241",2026-01-20T20:13:33.059584,airpaz.com
2026-05-01,BKKA,DMK,KKC,KKC,Thai AirAsia,FD,14:25,15:35,1ชม.10นาที,Direct,1246,"฿1,246",2026-01-20T20:13:33.128304,airpaz.com
2026-05-01,BKKA,DMK,KKC,KKC,Thai AirAsia,FD,08:25,09:30,1ชม.5นาที,Direct,1249,"฿1,249",2026-01-20T20:13:33.173224,airpaz.com
2026-05-01,BKKA,DMK,KKC,KKC,Thai AirAsia,FD,07:00,08:00,1ชม.0นาที,Direct,1251,"฿1,251",2026-01-20T20:13:33.244086,airpaz.com
2026-05-02,BKKA,BKK,KKC,KKC,Thai AirAsia,FD,11:25,12:35,1ชม.10นาที,Direct,824,฿824,2026-01-20T20:14:02.543663,airpaz.com
2026-05-02,BKKA,BKK,KKC,KKC,Thai AirAsia,FD,19:10,20:20,1ชม.10นาที,Direct,832,฿832,2026-01-20T20:14:02.584896,airpaz.com
2026-05-02,BKKA,DMK,KKC,KKC,Thai Lion Air,SL,08:00,09:10,1ชม.10นาที,Direct,917,฿917,2026-01-20T20:14:02.637922,airpaz.com
2026-05-02,BKKA,DMK,KKC,KKC,Thai Lion Air,SL,15:40,16:50,1ชม.10นาที,Direct,923,฿923,2026-01-20T20:14:02.673679,airpaz.com
2026-05-02,BKKA,DMK,KKC,KKC,Thai Lion Air,SL,18:15,19:20,1ชม.5นาที,Direct,924,฿924,2026-01-20T20:14:02.714798,airpaz.com
2026-05-02,BKKA,DMK,KKC,KKC,Thai Lion Air,SL,11:00,12:05,1ชม.5นาที,Direct,925,฿925,2026-01-20T20:14:02.752058,airpaz.com
2026-05-02,BKKA,DMK,KKC,KKC,Thai AirAsia,FD,16:55,18:00,1ชม.5นาที,Direct,1236,"฿1,236",2026-01-20T20:14:02.793802,airpaz.com
2026-05-02,BKKA,DMK,KKC,KKC,Thai AirAsia,FD,11:45,12:45,1ชม.0นาที,Direct,1241,"฿1,241",2026-01-20T20:14:02.833156,airpaz.com
2026-05-02,BKKA,DMK,KKC,KKC,Thai AirAsia,FD,14:25,15:35,1ชม.10นาที,Direct,1246,"฿1,246",2026-01-20T20:14:02.876498,airpaz.com
2026-05-02,BKKA,DMK,KKC,KKC,Thai AirAsia,FD,08:25,09:30,1ชม.5นาที,Direct,1249,"฿1,249",2026-01-20T20:14:02.917628,airpaz.com
2026-05-03,BKKA,BKK,KKC,KKC,Thai AirAsia,FD,11:25,12:35,1ชม.10นาที,Direct,824,฿824,2026-01-20T20:14:07.102384,airpaz.com
2026-05-03,BKKA,BKK,KKC,KKC,Thai AirAsia,FD,19:10,20:20,1ชม.10นาที,Direct,832,฿832,2026-01-20T20:14:07.137739,airpaz.com
2026-05-03,BKKA,DMK,KKC,KKC,Thai Lion Air,SL,08:00,09:10,1ชม.10นาที,Direct,917,฿917,2026-01-20T20:14:07.175722,airpaz.com
2026-05-03,BKKA,DMK,KKC,KKC,Thai Lion Air,SL,15:40,16:50,1ชม.10นาที,Direct,923,฿923,2026-01-20T20:14:07.213952,airpaz.com
2026-05-03,BKKA,DMK,KKC,KKC,Thai Lion Air,SL,18:15,19:20,1ชม.5นาที,Direct,924,฿924,2026-01-20T20:14:07.248732,airpaz.com
2026-05-03,BKKA,DMK,KKC,KKC,Thai Lion Air,SL,11:00,12:05,1ชม.5นาที,Direct,925,฿925,2026-01-20T20:14:07.285611,airpaz.com
2026-05-03,BKKA,DMK,KKC,KKC,Thai AirAsia,FD,16:55,18:00,1ชม.5นาที,Direct,1236,"฿1,236",2026-01-20T20:14:07.321345,airpaz.com
2026-05-03,BKKA,DMK,KKC,KKC,Thai AirAsia,FD,11:45,12:45,1ชม.0นาที,Direct,1241,"฿1,241",2026-01-20T20:14:07.359005,airpaz.com
2026-05-03,BKKA,DMK,KKC,KKC,Thai AirAsia,FD,14:25,15:35,1ชม.10นาที,Direct,1246,"฿1,246",2026-01-20T20:14:07.396426,airpaz.com
2026-05-03,BKKA,DMK,KKC,KKC,Thai AirAsia,FD,08:25,09:30,1ชม.5นาที,Direct,1249,"฿1,249",2026-01-20T20:14:07.432395,airpaz.com
2026-05-04,BKKA,BKK,KKC,KKC,Thai AirAsia,FD,11:25,12:35,1ชม.10นาที,Direct,824,฿824,2026-01-20T20:14:36.192433,airpaz.com
2026-05-04,BKKA,BKK,KKC,KKC,Thai AirAsia,FD,19:10,20:20,1ชม.10นาที,Direct,832,฿832,2026-01-20T20:14:36.228118,airpaz.com
2026-05-04,BKKA,DMK,KKC,KKC,Thai Lion Air,SL,08:00,09:10,1ชม.10นาที,Direct,917,฿917,2026-01-20T20:14:36.260178,airpaz.com
2026-05-04,BKKA,DMK,KKC,KKC,Thai Lion Air,SL,11:00,12:05,1ชม.5นาที,Direct,925,฿925,2026-01-20T20:14:36.294329,airpaz.com
2026-05-04,BKKA,DMK,KKC,KKC,Thai Lion Air,SL,15:40,16:50,1ชม.10นาที,Direct,996,฿996,2026-01-20T20:14:36.327145,airpaz.com
2026-05-04,BKKA,DMK,KKC,KKC,Thai AirAsia,FD,16:55,18:00,1ชม.5นาที,Direct,1236,"฿1,236",2026-01-20T20:14:36.358477,airpaz.com
2026-05-04,BKKA,DMK,KKC,KKC,Thai AirAsia,FD,11:45,12:45,1ชม.0นาที,Direct,1241,"฿1,241",2026-01-20T20:14:36.391670,airpaz.com
2026-05-04,BKKA,DMK,KKC,KKC,Thai AirAsia,FD,14:25,15:35,1ชม.10นาที,Direct,1246,"฿1,246",2026-01-20T20:14:36.425421,airpaz.com
2026-05-04,BKKA,DMK,KKC,KKC,Thai AirAsia,FD,08:25,09:30,1ชม.5นาที,Direct,1249,"฿1,249",2026-01-20T20:14:36.456193,airpaz.com
2026-05-04,BKKA,DMK,KKC,KKC,Thai AirAsia,FD,07:00,08:00,1ชม.0นาที,Direct,1251,"฿1,251",2026-01-20T20:14:36.487673,airpaz.com
2026-05-05,BKKA,DMK,KKC,KKC,Thai Lion Air,SL,08:00,09:10,1ชม.10นาที,Direct,773,฿773,2026-01-20T20:15:04.833447,airpaz.com
2026-05-05,BKKA,DMK,KKC,KKC,Thai Lion Air,SL,15:40,16:50,1ชม.10นาที,Direct,777,฿777,2026-01-20T20:15:04.869408,airpaz.com
2026-05-05,BKKA,DMK,KKC,KKC,Thai Lion Air,SL,18:15,19:20,1ชม.5นาที,Direct,778,฿778,2026-01-20T20:15:04.901205,airpaz.com
2026-05-05,BKKA,DMK,KKC,KKC,Thai Lion Air,SL,11:00,12:05,1ชม.5นาที,Direct,779,฿779,2026-01-20T20:15:04.943740,airpaz.com
2026-05-05,BKKA,BKK,KKC,KKC,Thai AirAsia,FD,11:25,12:35,1ชม.10นาที,Direct,824,฿824,2026-01-20T20:15:04.993902,airpaz.com
2026-05-05,BKKA,BKK,KKC,KKC,Thai AirAsia,FD,19:10,20:20,1ชม.10นาที,Direct,832,฿832,2026-01-20T20:15:05.034180,airpaz.com
2026-05-05,BKKA,DMK,KKC,KKC,Thai AirAsia,FD,08:25,09:30,1ชม.5นาที,Direct,1105,"฿1,105",2026-01-20T20:15:05.073631,airpaz.com
2026-05-05,BKKA,DMK,KKC,KKC,Thai AirAsia,FD,16:55,18:00,1ชม.5นาที,Direct,1236,"฿1,236",2026-01-20T20:15:05.138158,airpaz.com
2026-05-05,BKKA,DMK,KKC,KKC,Thai AirAsia,FD,11:45,12:45,1ชม.0นาที,Direct,1241,"฿1,241",2026-01-20T20:15:05.185606,airpaz.com
2026-05-05,BKKA,DMK,KKC,KKC,Thai AirAsia,FD,14:25,15:35,1ชม.10นาที,Direct,1246,"฿1,246",2026-01-20T20:15:05.241918,airpaz.com
2026-05-06,BKKA,BKK,KKC,KKC,Thai VietJet Air,VZ,07:05,08:10,1ชม.5นาที,Direct,581,฿581,2026-01-20T20:15:33.837320,airpaz.com
2026-05-06,BKKA,BKK,KKC,KKC,Thai AirAsia,FD,11:25,12:35,1ชม.10นาที,Direct,824,฿824,2026-01-20T20:15:33.889312,airpaz.com
2026-05-06,BKKA,BKK,KKC,KKC,Thai AirAsia,FD,19:10,20:20,1ชม.10นาที,Direct,832,฿832,2026-01-20T20:15:33.923428,airpaz.com
2026-05-06,BKKA,DMK,KKC,KKC,Thai AirAsia,FD,16:55,18:00,1ชม.5นาที,Direct,856,฿856,2026-01-20T20:15:33.958747,airpaz.com
2026-05-06,BKKA,DMK,KKC,KKC,Thai AirAsia,FD,11:45,12:45,1ชม.0นาที,Direct,860,฿860,2026-01-20T20:15:33.990492,airpaz.com
2026-05-06,BKKA,BKK,KKC,KKC,Thai VietJet Air,VZ,17:30,18:35,1ชม.5นาที,Direct,862,฿862,2026-01-20T20:15:34.027257,airpaz.com
2026-05-06,BKKA,DMK,KKC,KKC,Thai AirAsia,FD,14:25,15:35,1ชม.10นาที,Direct,863,฿863,2026-01-20T20:15:34.061116,airpaz.com
2026-05-06,BKKA,DMK,KKC,KKC,Thai AirAsia,FD,08:25,09:30,1ชม.5นาที,Direct,865,฿865,2026-01-20T20:15:34.091899,airpaz.com
2026-05-06,BKKA,DMK,KKC,KKC,Thai AirAsia,FD,07:00,08:00,1ชม.0นาที,Direct,867,฿867,2026-01-20T20:15:34.123549,airpaz.com
2026-05-06,BKKA,DMK,KKC,KKC,Thai AirAsia,FD,18:55,20:00,1ชม.5นาที,Direct,901,฿901,2026-01-20T20:15:34.152476,airpaz.com
2026-05-07,BKKA,BKK,KKC,KKC,Thai VietJet Air,VZ,07:05,08:10,1ชม.5นาที,Direct,581,฿581,2026-01-20T20:15:36.875477,airpaz.com
2026-05-07,BKKA,DMK,KKC,KKC,Thai Lion Air,SL,08:00,09:10,1ชม.10นาที,Direct,773,฿773,2026-01-20T20:15:36.906212,airpaz.com
2026-05-07,BKKA,DMK,KKC,KKC,Thai Lion Air,SL,15:40,16:50,1ชม.10นาที,Direct,777,฿777,2026-01-20T20:15:36.937270,airpaz.com
2026-05-07,BKKA,DMK,KKC,KKC,Thai Lion Air,SL,11:00,12:05,1ชม.5นาที,Direct,779,฿779,2026-01-20T20:15:36.968300,airpaz.com
2026-05-07,BKKA,BKK,KKC,KKC,Thai AirAsia,FD,11:25,12:35,1ชม.10นาที,Direct,824,฿824,2026-01-20T20:15:36.999906,airpaz.com
2026-05-07,BKKA,BKK,KKC,KKC,Thai AirAsia,FD,19:10,20:20,1ชม.10นาที,Direct,832,฿832,2026-01-20T20:15:37.039416,airpaz.com
2026-05-07,BKKA,DMK,KKC,KKC,Thai AirAsia,FD,16:55,18:00,1ชม.5นาที,Direct,856,฿856,2026-01-20T20:15:37.070679,airpaz.com
2026-05-07,BKKA,DMK,KKC,KKC,Thai AirAsia,FD,11:45,12:45,1ชม.0นาที,Direct,860,฿860,2026-01-20T20:15:37.103207,airpaz.com
2026-05-07,BKKA,BKK,KKC,KKC,Thai VietJet Air,VZ,17:30,18:35,1ชม.5นาที,Direct,862,฿862,2026-01-20T20:15:37.133346,airpaz.com
2026-05-07,BKKA,DMK,KKC,KKC,Thai AirAsia,FD,14:25,15:35,1ชม.10นาที,Direct,863,฿863,2026-01-20T20:15:37.165373,airpaz.com
2026-05-08,BKKA,DMK,KKC,KKC,Thai Lion Air,SL,08:00,09:10,1ชม.10นาที,Direct,773,฿773,2026-01-20T20:16:05.512589,airpaz.com
2026-05-08,BKKA,DMK,KKC,KKC,Thai Lion Air,SL,15:40,16:50,1ชม.10นาที,Direct,777,฿777,2026-01-20T20:16:05.545030,airpaz.com
2026-05-08,BKKA,DMK,KKC,KKC,Thai Lion Air,SL,11:00,12:05,1ชม.5นาที,Direct,779,฿779,2026-01-20T20:16:05.590077,airpaz.com
2026-05-08,BKKA,BKK,KKC,KKC,Thai AirAsia,FD,11:25,12:35,1ชม.10นาที,Direct,824,฿824,2026-01-20T20:16:05.645742,airpaz.com
2026-05-08,BKKA,BKK,KKC,KKC,Thai AirAsia,FD,19:10,20:20,1ชม.10นาที,Direct,832,฿832,2026-01-20T20:16:05.679948,airpaz.com
2026-05-08,BKKA,DMK,KKC,KKC,Thai AirAsia,FD,08:25,09:30,1ชม.5นาที,Direct,865,฿865,2026-01-20T20:16:05.714207,airpaz.com
2026-05-08,BKKA,DMK,KKC,KKC,Thai AirAsia,FD,16:55,18:00,1ชม.5นาที,Direct,1093,"฿1,093",2026-01-20T20:16:05.745457,airpaz.com
2026-05-08,BKKA,DMK,KKC,KKC,Thai AirAsia,FD,11:45,12:45,1ชม.0นาที,Direct,1098,"฿1,098",2026-01-20T20:16:05.780508,airpaz.com
2026-05-08,BKKA,DMK,KKC,KKC,Thai AirAsia,FD,14:25,15:35,1ชม.10นาที,Direct,1103,"฿1,103",2026-01-20T20:16:05.814897,airpaz.com
2026-05-08,BKKA,DMK,KKC,KKC,Thai AirAsia,FD,07:00,08:00,1ชม.0นาที,Direct,1107,"฿1,107",2026-01-20T20:16:05.846418,airpaz.com
2026-05-09,BKKA,DMK,KKC,KKC,Thai Lion Air,SL,08:00,09:10,1ชม.10นาที,Direct,773,฿773,2026-01-20T20:16:36.593806,airpaz.com
2026-05-09,BKKA,DMK,KKC,KKC,Thai Lion Air,SL,15:40,16:50,1ชม.10นาที,Direct,777,฿777,2026-01-20T20:16:36.635912,airpaz.com
2026-05-09,BKKA,DMK,KKC,KKC,Thai Lion Air,SL,18:15,19:20,1ชม.5นาที,Direct,778,฿778,2026-01-20T20:16:36.684083,airpaz.com
2026-05-09,BKKA,DMK,KKC,KKC,Thai Lion Air,SL,11:00,12:05,1ชม.5นาที,Direct,779,฿779,2026-01-20T20:16:36.752538,airpaz.com
2026-05-09,BKKA,BKK,KKC,KKC,Thai AirAsia,FD,11:25,12:35,1ชม.10นาที,Direct,824,฿824,2026-01-20T20:16:36.819105,airpaz.com
2026-05-09,BKKA,BKK,KKC,KKC,Thai AirAsia,FD,19:10,20:20,1ชม.10นาที,Direct,832,฿832,2026-01-20T20:16:36.861973,airpaz.com
2026-05-09,BKKA,DMK,KKC,KKC,Thai AirAsia,FD,08:25,09:30,1ชม.5นาที,Direct,865,฿865,2026-01-20T20:16:36.907986,airpaz.com
2026-05-09,BKKA,BKK,KKC,KKC,Thai VietJet Air,VZ,07:05,08:10,1ชม.5นาที,Direct,1065,"฿1,065",2026-01-20T20:16:36.954242,airpaz.com
2026-05-09,BKKA,DMK,KKC,KKC,Thai AirAsia,FD,16:55,18:00,1ชม.5นาที,Direct,1093,"฿1,093",2026-01-20T20:16:37.013525,airpaz.com
2026-05-09,BKKA,DMK,KKC,KKC,Thai AirAsia,FD,11:45,12:45,1ชม.0นาที,Direct,1098,"฿1,098",2026-01-20T20:16:37.062448,airpaz.com
2026-05-10,BKKA,BKK,KKC,KKC,Thai AirAsia,FD,11:25,12:35,1ชม.10นาที,Direct,824,฿824,2026-01-20T20:17:06.386015,airpaz.com
2026-05-10,BKKA,BKK,KKC,KKC,Thai AirAsia,FD,19:10,20:20,1ชม.10นาที,Direct,832,฿832,2026-01-20T20:17:06.420301,airpaz.com
2026-05-10,BKKA,DMK,KKC,KKC,Thai AirAsia,FD,08:25,09:30,1ชม.5นาที,Direct,865,฿865,2026-01-20T20:17:06.457199,airpaz.com
2026-05-10,BKKA,DMK,KKC,KKC,Thai AirAsia,FD,16:55,18:00,1ชม.5นาที,Direct,1093,"฿1,093",2026-01-20T20:17:06.494015,airpaz.com
2026-05-10,BKKA,DMK,KKC,KKC,Thai AirAsia,FD,11:45,12:45,1ชม.0นาที,Direct,1098,"฿1,098",2026-01-20T20:17:06.531390,airpaz.com
2026-05-10,BKKA,DMK,KKC,KKC,Thai AirAsia,FD,14:25,15:35,1ชม.10นาที,Direct,1103,"฿1,103",2026-01-20T20:17:06.567553,airpaz.com
2026-05-10,BKKA,DMK,KKC,KKC,Thai AirAsia,FD,07:00,08:00,1ชม.0นาที,Direct,1107,"฿1,107",2026-01-20T20:17:06.605086,airpaz.com
2026-05-10,BKKA,DMK,KKC,KKC,Thai AirAsia,FD,18:55,20:00,1ชม.5นาที,Direct,1151,"฿1,151",2026-01-20T20:17:06.640383,airpaz.com
2026-05-11,BKKA,DMK,KKC,KKC,Thai Lion Air,SL,08:00,09:10,1ชม.10นาที,Direct,773,฿773,2026-01-20T20:17:09.610320,airpaz.com
2026-05-11,BKKA,DMK,KKC,KKC,Thai Lion Air,SL,15:40,16:50,1ชม.10นาที,Direct,777,฿777,2026-01-20T20:17:09.648468,airpaz.com
2026-05-11,BKKA,DMK,KKC,KKC,Thai Lion Air,SL,18:15,19:20,1ชม.5นาที,Direct,778,฿778,2026-01-20T20:17:09.685598,airpaz.com
2026-05-11,BKKA,DMK,KKC,KKC,Thai Lion Air,SL,11:00,12:05,1ชม.5นาที,Direct,779,฿779,2026-01-20T20:17:09.721087,airpaz.com
2026-05-11,BKKA,BKK,KKC,KKC,Thai AirAsia,FD,11:25,12:35,1ชม.10นาที,Direct,824,฿824,2026-01-20T20:17:09.765341,airpaz.com
2026-05-11,BKKA,BKK,KKC,KKC,Thai AirAsia,FD,19:10,20:20,1ชม.10นาที,Direct,832,฿832,2026-01-20T20:17:09.802371,airpaz.com
2026-05-11,BKKA,DMK,KKC,KKC,Thai AirAsia,FD,08:25,09:30,1ชม.5นาที,Direct,865,฿865,2026-01-20T20:17:09.840206,airpaz.com
2026-05-11,BKKA,DMK,KKC,KKC,Thai AirAsia,FD,16:55,18:00,1ชม.5นาที,Direct,1093,"฿1,093",2026-01-20T20:17:09.878071,airpaz.com
2026-05-11,BKKA,DMK,KKC,KKC,Thai AirAsia,FD,11:45,12:45,1ชม.0นาที,Direct,1098,"฿1,098",2026-01-20T20:17:09.913803,airpaz.com
2026-05-11,BKKA,DMK,KKC,KKC,Thai AirAsia,FD,14:25,15:35,1ชม.10นาที,Direct,1103,"฿1,103",2026-01-20T20:17:09.949446,airpaz.com
2026-05-12,BKKA,DMK,KKC,KKC,Thai Lion Air,SL,08:00,09:10,1ชม.10นาที,Direct,773,฿773,2026-01-20T20:17:13.711704,airpaz.com
2026-05-12,BKKA,DMK,KKC,KKC,Thai Lion Air,SL,15:40,16:50,1ชม.10นาที,Direct,777,฿777,2026-01-20T20:17:13.747496,airpaz.com
2026-05-12,BKKA,DMK,KKC,KKC,Thai Lion Air,SL,18:15,19:20,1ชม.5นาที,Direct,778,฿778,2026-01-20T20:17:13.785477,airpaz.com
2026-05-12,BKKA,DMK,KKC,KKC,Thai Lion Air,SL,11:00,12:05,1ชม.5นาที,Direct,779,฿779,2026-01-20T20:17:13.828967,airpaz.com
2026-05-12,BKKA,BKK,KKC,KKC,Thai AirAsia,FD,11:25,12:35,1ชม.10นาที,Direct,824,฿824,2026-01-20T20:17:13.865651,airpaz.com
2026-05-12,BKKA,BKK,KKC,KKC,Thai AirAsia,FD,19:10,20:20,1ชม.10นาที,Direct,832,฿832,2026-01-20T20:17:13.905092,airpaz.com
2026-05-12,BKKA,DMK,KKC,KKC,Thai AirAsia,FD,08:25,09:30,1ชม.5นาที,Direct,865,฿865,2026-01-20T20:17:13.941197,airpaz.com
2026-05-12,BKKA,BKK,KKC,KKC,Thai VietJet Air,VZ,07:05,08:10,1ชม.5นาที,Direct,1087,"฿1,087",2026-01-20T20:17:13.979613,airpaz.com
2026-05-12,BKKA,DMK,KKC,KKC,Thai AirAsia,FD,16:55,18:00,1ชม.5นาที,Direct,1093,"฿1,093",2026-01-20T20:17:14.019740,airpaz.com
2026-05-12,BKKA,DMK,KKC,KKC,Thai AirAsia,FD,11:45,12:45,1ชม.0นาที,Direct,1098,"฿1,098",2026-01-20T20:17:14.058403,airpaz.com
2026-05-13,BKKA,BKK,KKC,KKC,Thai AirAsia,FD,11:25,12:35,1ชม.10นาที,Direct,824,฿824,2026-01-20T20:17:43.352225,airpaz.com
2026-05-13,BKKA,BKK,KKC,KKC,Thai AirAsia,FD,19:10,20:20,1ชม.10นาที,Direct,832,฿832,2026-01-20T20:17:43.387212,airpaz.com
2026-05-13,BKKA,DMK,KKC,KKC,Thai AirAsia,FD,16:55,18:00,1ชม.5นาที,Direct,856,฿856,2026-01-20T20:17:43.435998,airpaz.com
2026-05-13,BKKA,DMK,KKC,KKC,Thai AirAsia,FD,11:45,12:45,1ชม.0นาที,Direct,860,฿860,2026-01-20T20:17:43.505118,airpaz.com
2026-05-13,BKKA,BKK,KKC,KKC,Thai VietJet Air,VZ,07:05,08:10,1ชม.5นาที,Direct,861,฿861,2026-01-20T20:17:43.542427,airpaz.com
2026-05-13,BKKA,BKK,KKC,KKC,Thai VietJet Air,VZ,17:30,18:35,1ชม.5นาที,Direct,862,฿862,2026-01-20T20:17:43.582489,airpaz.com
2026-05-13,BKKA,DMK,KKC,KKC,Thai AirAsia,FD,14:25,15:35,1ชม.10นาที,Direct,863,฿863,2026-01-20T20:17:43.617288,airpaz.com
2026-05-13,BKKA,DMK,KKC,KKC,Thai AirAsia,FD,08:25,09:30,1ชม.5นาที,Direct,865,฿865,2026-01-20T20:17:43.651884,airpaz.com
2026-05-13,BKKA,DMK,KKC,KKC,Thai AirAsia,FD,07:00,08:00,1ชม.0นาที,Direct,867,฿867,2026-01-20T20:17:43.687170,airpaz.com
2026-05-13,BKKA,DMK,KKC,KKC,Thai AirAsia,FD,18:55,20:00,1ชม.5นาที,Direct,901,฿901,2026-01-20T20:17:43.725617,airpaz.com
2026-05-14,BKKA,BKK,KKC,KKC,Thai AirAsia,FD,11:25,12:35,1ชม.10นาที,Direct,824,฿824,2026-01-20T20:18:13.274669,airpaz.com
2026-05-14,BKKA,BKK,KKC,KKC,Thai AirAsia,FD,19:10,20:20,1ชม.10นาที,Direct,832,฿832,2026-01-20T20:18:13.310743,airpaz.com
2026-05-14,BKKA,DMK,KKC,KKC,Thai AirAsia,FD,16:55,18:00,1ชม.5นาที,Direct,856,฿856,2026-01-20T20:18:13.348124,airpaz.com
2026-05-14,BKKA,DMK,KKC,KKC,Thai AirAsia,FD,11:45,12:45,1ชม.0นาที,Direct,860,฿860,2026-01-20T20:18:13.382972,airpaz.com
2026-05-14,BKKA,BKK,KKC,KKC,Thai VietJet Air,VZ,07:05,08:10,1ชม.5นาที,Direct,861,฿861,2026-01-20T20:18:13.457342,airpaz.com
2026-05-14,BKKA,DMK,KKC,KKC,Thai AirAsia,FD,14:25,15:35,1ชม.10นาที,Direct,863,฿863,2026-01-20T20:18:13.498919,airpaz.com
2026-05-15,BKKA,BKK,KKC,KKC,Thai AirAsia,FD,11:25,12:35,1ชม.10นาที,Direct,824,฿824,2026-01-20T20:18:41.954229,airpaz.com
2026-05-15,BKKA,BKK,KKC,KKC,Thai AirAsia,FD,19:10,20:20,1ชม.10นาที,Direct,832,฿832,2026-01-20T20:18:42.003920,airpaz.com
2026-05-15,BKKA,DMK,KKC,KKC,Thai AirAsia,FD,16:55,18:00,1ชม.5นาที,Direct,856,฿856,2026-01-20T20:18:42.055946,airpaz.com
2026-05-15,BKKA,DMK,KKC,KKC,Thai AirAsia,FD,11:45,12:45,1ชม.0นาที,Direct,860,฿860,2026-01-20T20:18:42.110486,airpaz.com
2026-05-15,BKKA,DMK,KKC,KKC,Thai AirAsia,FD,14:25,15:35,1ชม.10นาที,Direct,863,฿863,2026-01-20T20:18:42.166911,airpaz.com
2026-05-15,BKKA,DMK,KKC,KKC,Thai AirAsia,FD,08:25,09:30,1ชม.5นาที,Direct,865,฿865,2026-01-20T20:18:42.222950,airpaz.com
2026-05-15,BKKA,DMK,KKC,KKC,Thai AirAsia,FD,07:00,08:00,1ชม.0นาที,Direct,867,฿867,2026-01-20T20:18:42.278174,airpaz.com
2026-05-15,BKKA,BKK,KKC,KKC,Thai VietJet Air,VZ,07:05,08:10,1ชม.5นาที,Direct,968,฿968,2026-01-20T20:18:42.329926,airpaz.com
2026-05-15,BKKA,BKK,KKC,KKC,Thai VietJet Air,VZ,17:30,18:35,1ชม.5นาที,Direct,1089,"฿1,089",2026-01-20T20:18:42.378841,airpaz.com
2026-05-15,BKKA,DMK,KKC,KKC,Thai AirAsia,FD,18:55,20:00,1ชม.5นาที,Direct,1151,"฿1,151",2026-01-20T20:18:42.428669,airpaz.com
2026-05-16,BKKA,BKK,KKC,KKC,Thai AirAsia,FD,11:25,12:35,1ชม.10นาที,Direct,824,฿824,2026-01-20T20:19:11.706138,airpaz.com
2026-05-16,BKKA,BKK,KKC,KKC,Thai AirAsia,FD,19:10,20:20,1ชม.10นาที,Direct,832,฿832,2026-01-20T20:19:11.744606,airpaz.com
2026-05-16,BKKA,DMK,KKC,KKC,Thai AirAsia,FD,16:55,18:00,1ชม.5นาที,Direct,856,฿856,2026-01-20T20:19:11.782249,airpaz.com
2026-05-16,BKKA,DMK,KKC,KKC,Thai AirAsia,FD,11:45,12:45,1ชม.0นาที,Direct,860,฿860,2026-01-20T20:19:11.821059,airpaz.com
2026-05-16,BKKA,DMK,KKC,KKC,Thai AirAsia,FD,14:25,15:35,1ชม.10นาที,Direct,863,฿863,2026-01-20T20:19:11.858749,airpaz.com
2026-05-16,BKKA,DMK,KKC,KKC,Thai AirAsia,FD,08:25,09:30,1ชม.5นาที,Direct,865,฿865,2026-01-20T20:19:11.897487,airpaz.com
2026-05-16,BKKA,DMK,KKC,KKC,Thai AirAsia,FD,18:55,20:00,1ชม.5นาที,Direct,901,฿901,2026-01-20T20:19:11.933026,airpaz.com
2026-05-16,BKKA,BKK,KKC,KKC,Thai VietJet Air,VZ,07:05,08:10,1ชม.5นาที,Direct,968,฿968,2026-01-20T20:19:11.967377,airpaz.com
2026-05-16,BKKA,BKK,KKC,KKC,Thai VietJet Air,VZ,17:30,18:35,1ชม.5นาที,Direct,969,฿969,2026-01-20T20:19:12.005298,airpaz.com
2026-05-16,BKKA,DMK,KKC,KKC,Thai AirAsia,FD,07:00,08:00,1ชม.0นาที,Direct,1107,"฿1,107",2026-01-20T20:19:12.042090,airpaz.com
2026-05-17,BKKA,DMK,KKC,KKC,Thai Lion Air,SL,08:00,09:10,1ชม.10นาที,Direct,773,฿773,2026-01-20T20:19:15.413503,airpaz.com
2026-05-17,BKKA,DMK,KKC,KKC,Thai Lion Air,SL,15:40,16:50,1ชม.10นาที,Direct,777,฿777,2026-01-20T20:19:15.456168,airpaz.com
2026-05-17,BKKA,DMK,KKC,KKC,Thai Lion Air,SL,18:15,19:20,1ชม.5นาที,Direct,778,฿778,2026-01-20T20:19:15.496531,airpaz.com
2026-05-17,BKKA,DMK,KKC,KKC,Thai Lion Air,SL,11:00,12:05,1ชม.5นาที,Direct,779,฿779,2026-01-20T20:19:15.537679,airpaz.com
2026-05-17,BKKA,BKK,KKC,KKC,Thai AirAsia,FD,11:25,12:35,1ชม.10นาที,Direct,824,฿824,2026-01-20T20:19:15.603910,airpaz.com
2026-05-17,BKKA,BKK,KKC,KKC,Thai AirAsia,FD,19:10,20:20,1ชม.10นาที,Direct,832,฿832,2026-01-20T20:19:15.647881,airpaz.com
2026-05-17,BKKA,DMK,KKC,KKC,Thai AirAsia,FD,16:55,18:00,1ชม.5นาที,Direct,856,฿856,2026-01-20T20:19:15.688878,airpaz.com
2026-05-17,BKKA,DMK,KKC,KKC,Thai AirAsia,FD,11:45,12:45,1ชม.0นาที,Direct,860,฿860,2026-01-20T20:19:15.732238,airpaz.com
2026-05-17,BKKA,DMK,KKC,KKC,Thai AirAsia,FD,14:25,15:35,1ชม.10นาที,Direct,863,฿863,2026-01-20T20:19:15.776359,airpaz.com
2026-05-17,BKKA,DMK,KKC,KKC,Thai AirAsia,FD,08:25,09:30,1ชม.5นาที,Direct,865,฿865,2026-01-20T20:19:15.817688,airpaz.com
2026-05-18,BKKA,DMK,KKC,KKC,Thai Lion Air,SL,08:00,09:10,1ชม.10นาที,Direct,773,฿773,2026-01-20T20:19:44.979933,airpaz.com
2026-05-18,BKKA,DMK,KKC,KKC,Thai Lion Air,SL,15:40,16:50,1ชม.10นาที,Direct,777,฿777,2026-01-20T20:19:45.028637,airpaz.com
2026-05-18,BKKA,DMK,KKC,KKC,Thai Lion Air,SL,11:00,12:05,1ชม.5นาที,Direct,779,฿779,2026-01-20T20:19:45.076965,airpaz.com
2026-05-18,BKKA,BKK,KKC,KKC,Thai AirAsia,FD,11:25,12:35,1ชม.10นาที,Direct,824,฿824,2026-01-20T20:19:45.120839,airpaz.com
2026-05-18,BKKA,BKK,KKC,KKC,Thai AirAsia,FD,19:10,20:20,1ชม.10นาที,Direct,832,฿832,2026-01-20T20:19:45.162881,airpaz.com
2026-05-18,BKKA,DMK,KKC,KKC,Thai AirAsia,FD,16:55,18:00,1ชม.5นาที,Direct,856,฿856,2026-01-20T20:19:45.205798,airpaz.com
2026-05-18,BKKA,DMK,KKC,KKC,Thai AirAsia,FD,11:45,12:45,1ชม.0นาที,Direct,860,฿860,2026-01-20T20:19:45.248770,airpaz.com
2026-05-18,BKKA,BKK,KKC,KKC,Thai VietJet Air,VZ,07:05,08:10,1ชม.5นาที,Direct,861,฿861,2026-01-20T20:19:45.296003,airpaz.com
2026-05-18,BKKA,BKK,KKC,KKC,Thai VietJet Air,VZ,17:30,18:35,1ชม.5นาที,Direct,862,฿862,2026-01-20T20:19:45.339088,airpaz.com
2026-05-18,BKKA,DMK,KKC,KKC,Thai AirAsia,FD,14:25,15:35,1ชม.10นาที,Direct,863,฿863,2026-01-20T20:19:45.385493,airpaz.com
2026-05-19,BKKA,DMK,KKC,KKC,Thai Lion Air,SL,08:00,09:10,1ชม.10นาที,Direct,773,฿773,2026-01-20T20:20:14.893580,airpaz.com
2026-05-19,BKKA,DMK,KKC,KKC,Thai Lion Air,SL,15:40,16:50,1ชม.10นาที,Direct,777,฿777,2026-01-20T20:20:14.930003,airpaz.com
2026-05-19,BKKA,DMK,KKC,KKC,Thai Lion Air,SL,18:15,19:20,1ชม.5นาที,Direct,778,฿778,2026-01-20T20:20:14.965039,airpaz.com
2026-05-19,BKKA,DMK,KKC,KKC,Thai Lion Air,SL,11:00,12:05,1ชม.5นาที,Direct,779,฿779,2026-01-20T20:20:15.005794,airpaz.com
2026-05-19,BKKA,BKK,KKC,KKC,Thai AirAsia,FD,11:25,12:35,1ชม.10นาที,Direct,824,฿824,2026-01-20T20:20:15.043893,airpaz.com
2026-05-19,BKKA,BKK,KKC,KKC,Thai AirAsia,FD,19:10,20:20,1ชม.10นาที,Direct,832,฿832,2026-01-20T20:20:15.082080,airpaz.com
2026-05-19,BKKA,DMK,KKC,KKC,Thai AirAsia,FD,16:55,18:00,1ชม.5นาที,Direct,856,฿856,2026-01-20T20:20:15.123437,airpaz.com
2026-05-19,BKKA,DMK,KKC,KKC,Thai AirAsia,FD,11:45,12:45,1ชม.0นาที,Direct,860,฿860,2026-01-20T20:20:15.205543,airpaz.com
2026-05-19,BKKA,DMK,KKC,KKC,Thai AirAsia,FD,14:25,15:35,1ชม.10นาที,Direct,863,฿863,2026-01-20T20:20:15.247819,airpaz.com
2026-05-19,BKKA,DMK,KKC,KKC,Thai AirAsia,FD,08:25,09:30,1ชม.5นาที,Direct,865,฿865,2026-01-20T20:20:15.283971,airpaz.com
2026-05-20,BKKA,DMK,KKC,KKC,Thai Lion Air,SL,08:00,09:10,1ชม.10นาที,Direct,773,฿773,2026-01-20T20:20:18.957852,airpaz.com
2026-05-20,BKKA,DMK,KKC,KKC,Thai Lion Air,SL,15:40,16:50,1ชม.10นาที,Direct,777,฿777,2026-01-20T20:20:18.999245,airpaz.com
2026-05-20,BKKA,DMK,KKC,KKC,Thai Lion Air,SL,18:15,19:20,1ชม.5นาที,Direct,778,฿778,2026-01-20T20:20:19.034070,airpaz.com
2026-05-20,BKKA,DMK,KKC,KKC,Thai Lion Air,SL,11:00,12:05,1ชม.5นาที,Direct,779,฿779,2026-01-20T20:20:19.079394,airpaz.com
2026-05-20,BKKA,BKK,KKC,KKC,Thai AirAsia,FD,11:25,12:35,1ชม.10นาที,Direct,824,฿824,2026-01-20T20:20:19.116895,airpaz.com
2026-05-20,BKKA,BKK,KKC,KKC,Thai AirAsia,FD,19:10,20:20,1ชม.10นาที,Direct,832,฿832,2026-01-20T20:20:19.152085,airpaz.com
2026-05-20,BKKA,DMK,KKC,KKC,Thai AirAsia,FD,16:55,18:00,1ชม.5นาที,Direct,856,฿856,2026-01-20T20:20:19.193717,airpaz.com
2026-05-20,BKKA,DMK,KKC,KKC,Thai AirAsia,FD,11:45,12:45,1ชม.0นาที,Direct,860,฿860,2026-01-20T20:20:19.235805,airpaz.com
2026-05-20,BKKA,BKK,KKC,KKC,Thai VietJet Air,VZ,07:05,08:10,1ชม.5นาที,Direct,861,฿861,2026-01-20T20:20:19.280460,airpaz.com
2026-05-20,BKKA,BKK,KKC,KKC,Thai VietJet Air,VZ,17:30,18:35,1ชม.5นาที,Direct,862,฿862,2026-01-20T20:20:19.324746,airpaz.com
2026-05-21,BKKA,DMK,KKC,KKC,Thai Lion Air,SL,08:00,09:10,1ชม.10นาที,Direct,773,฿773,2026-01-20T20:20:48.119922,airpaz.com
2026-05-21,BKKA,DMK,KKC,KKC,Thai Lion Air,SL,15:40,16:50,1ชม.10นาที,Direct,777,฿777,2026-01-20T20:20:48.166347,airpaz.com
2026-05-21,BKKA,DMK,KKC,KKC,Thai Lion Air,SL,18:15,19:20,1ชม.5นาที,Direct,778,฿778,2026-01-20T20:20:48.216701,airpaz.com
2026-05-21,BKKA,DMK,KKC,KKC,Thai Lion Air,SL,11:00,12:05,1ชม.5นาที,Direct,779,฿779,2026-01-20T20:20:48.261205,airpaz.com
2026-05-21,BKKA,BKK,KKC,KKC,Thai AirAsia,FD,11:25,12:35,1ชม.10นาที,Direct,824,฿824,2026-01-20T20:20:48.300550,airpaz.com
2026-05-21,BKKA,BKK,KKC,KKC,Thai AirAsia,FD,19:10,20:20,1ชม.10นาที,Direct,832,฿832,2026-01-20T20:20:48.340380,airpaz.com
2026-05-21,BKKA,DMK,KKC,KKC,Thai AirAsia,FD,16:55,18:00,1ชม.5นาที,Direct,856,฿856,2026-01-20T20:20:48.390044,airpaz.com
2026-05-21,BKKA,DMK,KKC,KKC,Thai AirAsia,FD,11:45,12:45,1ชม.0นาที,Direct,860,฿860,2026-01-20T20:20:48.431211,airpaz.com
2026-05-21,BKKA,DMK,KKC,KKC,Thai AirAsia,FD,14:25,15:35,1ชม.10นาที,Direct,863,฿863,2026-01-20T20:20:48.480949,airpaz.com
2026-05-21,BKKA,DMK,KKC,KKC,Thai AirAsia,FD,08:25,09:30,1ชม.5นาที,Direct,865,฿865,2026-01-20T20:20:48.529514,airpaz.com
2026-05-22,BKKA,DMK,KKC,KKC,Thai Lion Air,SL,08:00,09:10,1ชม.10นาที,Direct,773,฿773,2026-01-20T20:21:20.525696,airpaz.com
2026-05-22,BKKA,DMK,KKC,KKC,Thai Lion Air,SL,15:40,16:50,1ชม.10นาที,Direct,777,฿777,2026-01-20T20:21:20.599474,airpaz.com
2026-05-22,BKKA,DMK,KKC,KKC,Thai Lion Air,SL,11:00,12:05,1ชม.5นาที,Direct,779,฿779,2026-01-20T20:21:20.641278,airpaz.com
2026-05-22,BKKA,BKK,KKC,KKC,Thai AirAsia,FD,11:25,12:35,1ชม.10นาที,Direct,824,฿824,2026-01-20T20:21:20.678745,airpaz.com
2026-05-22,BKKA,BKK,KKC,KKC,Thai AirAsia,FD,19:10,20:20,1ชม.10นาที,Direct,832,฿832,2026-01-20T20:21:20.710978,airpaz.com
2026-05-22,BKKA,DMK,KKC,KKC,Thai AirAsia,FD,16:55,18:00,1ชม.5นาที,Direct,856,฿856,2026-01-20T20:21:20.743724,airpaz.com
2026-05-22,BKKA,DMK,KKC,KKC,Thai AirAsia,FD,11:45,12:45,1ชม.0นาที,Direct,860,฿860,2026-01-20T20:21:20.779586,airpaz.com
2026-05-22,BKKA,DMK,KKC,KKC,Thai AirAsia,FD,14:25,15:35,1ชม.10นาที,Direct,863,฿863,2026-01-20T20:21:20.810953,airpaz.com
2026-05-22,BKKA,DMK,KKC,KKC,Thai AirAsia,FD,08:25,09:30,1ชม.5นาที,Direct,865,฿865,2026-01-20T20:21:20.843601,airpaz.com
2026-05-22,BKKA,DMK,KKC,KKC,Thai AirAsia,FD,07:00,08:00,1ชม.0นาที,Direct,867,฿867,2026-01-20T20:21:20.878939,airpaz.com
2026-05-23,BKKA,DMK,KKC,KKC,Thai Lion Air,SL,08:00,09:10,1ชม.10นาที,Direct,773,฿773,2026-01-20T20:21:50.668316,airpaz.com
2026-05-23,BKKA,DMK,KKC,KKC,Thai Lion Air,SL,15:40,16:50,1ชม.10นาที,Direct,777,฿777,2026-01-20T20:21:50.712800,airpaz.com
2026-05-23,BKKA,DMK,KKC,KKC,Thai Lion Air,SL,18:15,19:20,1ชม.5นาที,Direct,778,฿778,2026-01-20T20:21:50.753811,airpaz.com
2026-05-23,BKKA,DMK,KKC,KKC,Thai Lion Air,SL,11:00,12:05,1ชม.5นาที,Direct,779,฿779,2026-01-20T20:21:50.792032,airpaz.com
2026-05-23,BKKA,BKK,KKC,KKC,Thai AirAsia,FD,11:25,12:35,1ชม.10นาที,Direct,824,฿824,2026-01-20T20:21:50.828243,airpaz.com
2026-05-23,BKKA,BKK,KKC,KKC,Thai AirAsia,FD,19:10,20:20,1ชม.10นาที,Direct,832,฿832,2026-01-20T20:21:50.870231,airpaz.com
2026-05-23,BKKA,DMK,KKC,KKC,Thai AirAsia,FD,16:55,18:00,1ชม.5นาที,Direct,856,฿856,2026-01-20T20:21:50.924611,airpaz.com
2026-05-23,BKKA,DMK,KKC,KKC,Thai AirAsia,FD,11:45,12:45,1ชม.0นาที,Direct,860,฿860,2026-01-20T20:21:50.985863,airpaz.com
2026-05-23,BKKA,DMK,KKC,KKC,Thai AirAsia,FD,14:25,15:35,1ชม.10นาที,Direct,863,฿863,2026-01-20T20:21:51.057633,airpaz.com
2026-05-23,BKKA,DMK,KKC,KKC,Thai AirAsia,FD,08:25,09:30,1ชม.5นาที,Direct,865,฿865,2026-01-20T20:21:51.102100,airpaz.com
2026-05-24,BKKA,DMK,KKC,KKC,Thai Lion Air,SL,08:00,09:10,1ชม.10นาที,Direct,773,฿773,2026-01-20T20:22:19.783969,airpaz.com
2026-05-24,BKKA,DMK,KKC,KKC,Thai Lion Air,SL,15:40,16:50,1ชม.10นาที,Direct,777,฿777,2026-01-20T20:22:19.819906,airpaz.com
2026-05-24,BKKA,DMK,KKC,KKC,Thai Lion Air,SL,18:15,19:20,1ชม.5นาที,Direct,778,฿778,2026-01-20T20:22:19.853179,airpaz.com
2026-05-24,BKKA,DMK,KKC,KKC,Thai Lion Air,SL,11:00,12:05,1ชม.5นาที,Direct,779,฿779,2026-01-20T20:22:19.887505,airpaz.com
2026-05-24,BKKA,BKK,KKC,KKC,Thai AirAsia,FD,11:25,12:35,1ชม.10นาที,Direct,824,฿824,2026-01-20T20:22:19.923094,airpaz.com
2026-05-24,BKKA,BKK,KKC,KKC,Thai AirAsia,FD,19:10,20:20,1ชม.10นาที,Direct,832,฿832,2026-01-20T20:22:19.956790,airpaz.com
2026-05-24,BKKA,DMK,KKC,KKC,Thai AirAsia,FD,16:55,18:00,1ชม.5นาที,Direct,856,฿856,2026-01-20T20:22:19.989254,airpaz.com
2026-05-24,BKKA,DMK,KKC,KKC,Thai AirAsia,FD,11:45,12:45,1ชม.0นาที,Direct,860,฿860,2026-01-20T20:22:20.020825,airpaz.com
2026-05-24,BKKA,DMK,KKC,KKC,Thai AirAsia,FD,14:25,15:35,1ชม.10นาที,Direct,863,฿863,2026-01-20T20:22:20.053789,airpaz.com
2026-05-24,BKKA,DMK,KKC,KKC,Thai AirAsia,FD,08:25,09:30,1ชม.5นาที,Direct,865,฿865,2026-01-20T20:22:20.085592,airpaz.com
2026-05-25,BKKA,DMK,KKC,KKC,Thai Lion Air,SL,08:00,09:10,1ชม.10นาที,Direct,773,฿773,2026-01-20T20:23:19.864678,airpaz.com
2026-05-25,BKKA,DMK,KKC,KKC,Thai Lion Air,SL,15:40,16:50,1ชม.10นาที,Direct,777,฿777,2026-01-20T20:23:19.887812,airpaz.com
2026-05-25,BKKA,DMK,KKC,KKC,Thai Lion Air,SL,18:15,19:20,1ชม.5นาที,Direct,778,฿778,2026-01-20T20:23:19.913038,airpaz.com
2026-05-25,BKKA,DMK,KKC,KKC,Thai Lion Air,SL,11:00,12:05,1ชม.5นาที,Direct,779,฿779,2026-01-20T20:23:19.951564,airpaz.com
2026-05-25,BKKA,BKK,KKC,KKC,Thai AirAsia,FD,11:25,12:35,1ชม.10นาที,Direct,824,฿824,2026-01-20T20:23:19.983289,airpaz.com
2026-05-25,BKKA,BKK,KKC,KKC,Thai AirAsia,FD,19:10,20:20,1ชม.10นาที,Direct,832,฿832,2026-01-20T20:23:20.013008,airpaz.com
2026-05-25,BKKA,DMK,KKC,KKC,Thai AirAsia,FD,16:55,18:00,1ชม.5นาที,Direct,856,฿856,2026-01-20T20:23:20.041828,airpaz.com
2026-05-25,BKKA,DMK,KKC,KKC,Thai AirAsia,FD,11:45,12:45,1ชม.0นาที,Direct,860,฿860,2026-01-20T20:23:20.066626,airpaz.com
2026-05-25,BKKA,DMK,KKC,KKC,Thai AirAsia,FD,14:25,15:35,1ชม.10นาที,Direct,863,฿863,2026-01-20T20:23:20.093632,airpaz.com
2026-05-25,BKKA,DMK,KKC,KKC,Thai AirAsia,FD,08:25,09:30,1ชม.5นาที,Direct,865,฿865,2026-01-20T20:23:20.123663,airpaz.com
2026-05-26,BKKA,BKK,KKC,KKC,Thai AirAsia,FD,11:25,12:35,1ชม.10นาที,Direct,824,฿824,2026-01-20T20:23:48.395553,airpaz.com
2026-05-26,BKKA,BKK,KKC,KKC,Thai AirAsia,FD,19:10,20:20,1ชม.10นาที,Direct,832,฿832,2026-01-20T20:23:48.459805,airpaz.com
2026-05-26,BKKA,DMK,KKC,KKC,Thai AirAsia,FD,16:55,18:00,1ชม.5นาที,Direct,856,฿856,2026-01-20T20:23:48.496259,airpaz.com
2026-05-26,BKKA,DMK,KKC,KKC,Thai AirAsia,FD,11:45,12:45,1ชม.0นาที,Direct,860,฿860,2026-01-20T20:23:48.531023,airpaz.com
2026-05-26,BKKA,DMK,KKC,KKC,Thai AirAsia,FD,14:25,15:35,1ชม.10นาที,Direct,863,฿863,2026-01-20T20:23:48.567985,airpaz.com
2026-05-26,BKKA,DMK,KKC,KKC,Thai AirAsia,FD,08:25,09:30,1ชม.5นาที,Direct,865,฿865,2026-01-20T20:23:48.601375,airpaz.com
2026-05-27,BKKA,DMK,KKC,KKC,Thai Lion Air,SL,08:00,09:10,1ชม.10นาที,Direct,773,฿773,2026-01-20T20:24:17.416783,airpaz.com
2026-05-27,BKKA,DMK,KKC,KKC,Thai Lion Air,SL,15:40,16:50,1ชม.10นาที,Direct,777,฿777,2026-01-20T20:24:17.461627,airpaz.com
2026-05-27,BKKA,DMK,KKC,KKC,Thai Lion Air,SL,11:00,12:05,1ชม.5นาที,Direct,779,฿779,2026-01-20T20:24:17.500956,airpaz.com
2026-05-27,BKKA,BKK,KKC,KKC,Thai AirAsia,FD,11:25,12:35,1ชม.10นาที,Direct,824,฿824,2026-01-20T20:24:17.540405,airpaz.com
2026-05-27,BKKA,BKK,KKC,KKC,Thai AirAsia,FD,19:10,20:20,1ชม.10นาที,Direct,832,฿832,2026-01-20T20:24:17.582291,airpaz.com
2026-05-27,BKKA,DMK,KKC,KKC,Thai AirAsia,FD,16:55,18:00,1ชม.5นาที,Direct,856,฿856,2026-01-20T20:24:17.619864,airpaz.com
2026-05-27,BKKA,DMK,KKC,KKC,Thai AirAsia,FD,11:45,12:45,1ชม.0นาที,Direct,860,฿860,2026-01-20T20:24:17.655868,airpaz.com
2026-05-27,BKKA,DMK,KKC,KKC,Thai AirAsia,FD,14:25,15:35,1ชม.10นาที,Direct,863,฿863,2026-01-20T20:24:17.699525,airpaz.com
2026-05-27,BKKA,DMK,KKC,KKC,Thai AirAsia,FD,08:25,09:30,1ชม.5นาที,Direct,865,฿865,2026-01-20T20:24:17.737985,airpaz.com
2026-05-27,BKKA,DMK,KKC,KKC,Thai AirAsia,FD,07:00,08:00,1ชม.0นาที,Direct,867,฿867,2026-01-20T20:24:17.774665,airpaz.com
2026-05-28,BKKA,DMK,KKC,KKC,Thai Lion Air,SL,08:00,09:10,1ชม.10นาที,Direct,773,฿773,2026-01-20T20:24:20.457315,airpaz.com
2026-05-28,BKKA,DMK,KKC,KKC,Thai Lion Air,SL,15:40,16:50,1ชม.10นาที,Direct,777,฿777,2026-01-20T20:24:20.495560,airpaz.com
2026-05-28,BKKA,DMK,KKC,KKC,Thai Lion Air,SL,11:00,12:05,1ชม.5นาที,Direct,779,฿779,2026-01-20T20:24:20.549842,airpaz.com
2026-05-28,BKKA,BKK,KKC,KKC,Thai AirAsia,FD,11:25,12:35,1ชม.10นาที,Direct,824,฿824,2026-01-20T20:24:20.589474,airpaz.com
2026-05-28,BKKA,BKK,KKC,KKC,Thai AirAsia,FD,19:10,20:20,1ชม.10นาที,Direct,832,฿832,2026-01-20T20:24:20.628982,airpaz.com
2026-05-28,BKKA,DMK,KKC,KKC,Thai AirAsia,FD,16:55,18:00,1ชม.5นาที,Direct,856,฿856,2026-01-20T20:24:20.663408,airpaz.com
2026-05-28,BKKA,DMK,KKC,KKC,Thai AirAsia,FD,11:45,12:45,1ชม.0นาที,Direct,860,฿860,2026-01-20T20:24:20.720742,airpaz.com
2026-05-28,BKKA,DMK,KKC,KKC,Thai AirAsia,FD,14:25,15:35,1ชม.10นาที,Direct,863,฿863,2026-01-20T20:24:20.761561,airpaz.com
2026-05-28,BKKA,DMK,KKC,KKC,Thai AirAsia,FD,08:25,09:30,1ชม.5นาที,Direct,865,฿865,2026-01-20T20:24:20.798210,airpaz.com
2026-05-28,BKKA,DMK,KKC,KKC,Thai AirAsia,FD,07:00,08:00,1ชม.0นาที,Direct,867,฿867,2026-01-20T20:24:20.835545,airpaz.com
2026-05-29,BKKA,DMK,KKC,KKC,Thai Lion Air,SL,08:00,09:10,1ชม.10นาที,Direct,773,฿773,2026-01-20T20:24:49.784336,airpaz.com
2026-05-29,BKKA,BKK,KKC,KKC,Thai AirAsia,FD,11:25,12:35,1ชม.10นาที,Direct,824,฿824,2026-01-20T20:24:49.819878,airpaz.com
2026-05-29,BKKA,BKK,KKC,KKC,Thai AirAsia,FD,19:10,20:20,1ชม.10นาที,Direct,832,฿832,2026-01-20T20:24:49.874108,airpaz.com
2026-05-29,BKKA,DMK,KKC,KKC,Thai AirAsia,FD,16:55,18:00,1ชม.5นาที,Direct,856,฿856,2026-01-20T20:24:49.941747,airpaz.com
2026-05-29,BKKA,DMK,KKC,KKC,Thai AirAsia,FD,11:45,12:45,1ชม.0นาที,Direct,860,฿860,2026-01-20T20:24:49.977690,airpaz.com
2026-05-29,BKKA,DMK,KKC,KKC,Thai AirAsia,FD,14:25,15:35,1ชม.10นาที,Direct,863,฿863,2026-01-20T20:24:50.012194,airpaz.com
2026-05-29,BKKA,DMK,KKC,KKC,Thai AirAsia,FD,08:25,09:30,1ชม.5นาที,Direct,865,฿865,2026-01-20T20:24:50.047853,airpaz.com
2026-05-29,BKKA,DMK,KKC,KKC,Thai AirAsia,FD,07:00,08:00,1ชม.0นาที,Direct,867,฿867,2026-01-20T20:24:50.085785,airpaz.com
2026-05-29,BKKA,DMK,KKC,KKC,Thai AirAsia,FD,18:55,20:00,1ชม.5นาที,Direct,901,฿901,2026-01-20T20:24:50.121783,airpaz.com
2026-05-29,BKKA,DMK,KKC,KKC,Thai Lion Air,SL,15:40,16:50,1ชม.10นาที,Direct,1191,"฿1,191",2026-01-20T20:24:50.158400,airpaz.com
2026-05-30,BKKA,DMK,KKC,KKC,Thai Lion Air,SL,08:00,09:10,1ชม.10นาที,Direct,773,฿773,2026-01-20T20:25:18.666553,airpaz.com
2026-05-30,BKKA,BKK,KKC,KKC,Thai AirAsia,FD,11:25,12:35,1ชม.10นาที,Direct,824,฿824,2026-01-20T20:25:18.703011,airpaz.com
2026-05-30,BKKA,BKK,KKC,KKC,Thai AirAsia,FD,19:10,20:20,1ชม.10นาที,Direct,832,฿832,2026-01-20T20:25:18.740494,airpaz.com
2026-05-30,BKKA,DMK,KKC,KKC,Thai AirAsia,FD,16:55,18:00,1ชม.5นาที,Direct,856,฿856,2026-01-20T20:25:18.779107,airpaz.com
2026-05-30,BKKA,DMK,KKC,KKC,Thai AirAsia,FD,14:25,15:35,1ชม.10นาที,Direct,863,฿863,2026-01-20T20:25:18.815290,airpaz.com
2026-05-30,BKKA,DMK,KKC,KKC,Thai AirAsia,FD,08:25,09:30,1ชม.5นาที,Direct,865,฿865,2026-01-20T20:25:18.852640,airpaz.com
2026-05-30,BKKA,DMK,KKC,KKC,Thai AirAsia,FD,07:00,08:00,1ชม.0นาที,Direct,867,฿867,2026-01-20T20:25:18.891164,airpaz.com
2026-05-30,BKKA,DMK,KKC,KKC,Thai AirAsia,FD,18:55,20:00,1ชม.5นาที,Direct,901,฿901,2026-01-20T20:25:18.970127,airpaz.com
2026-05-30,BKKA,DMK,KKC,KKC,Thai Lion Air,SL,15:40,16:50,1ชม.10นาที,Direct,1191,"฿1,191",2026-01-20T20:25:19.007245,airpaz.com
2026-05-30,BKKA,DMK,KKC,KKC,Thai Lion Air,SL,18:15,19:20,1ชม.5นาที,Direct,1192,"฿1,192",2026-01-20T20:25:19.045660,airpaz.com
2026-05-31,BKKA,DMK,KKC,KKC,Thai Lion Air,SL,08:00,09:10,1ชม.10นาที,Direct,773,฿773,2026-01-20T20:25:28.474970,airpaz.com
2026-05-31,BKKA,BKK,KKC,KKC,Thai AirAsia,FD,11:25,12:35,1ชม.10นาที,Direct,824,฿824,2026-01-20T20:25:28.563201,airpaz.com
2026-05-31,BKKA,BKK,KKC,KKC,Thai AirAsia,FD,19:10,20:20,1ชม.10นาที,Direct,832,฿832,2026-01-20T20:25:28.615497,airpaz.com
2026-05-31,BKKA,DMK,KKC,KKC,Thai AirAsia,FD,16:55,18:00,1ชม.5นาที,Direct,856,฿856,2026-01-20T20:25:28.681590,airpaz.com
2026-05-31,BKKA,DMK,KKC,KKC,Thai AirAsia,FD,14:25,15:35,1ชม.10นาที,Direct,863,฿863,2026-01-20T20:25:28.730697,airpaz.com
2026-05-31,BKKA,DMK,KKC,KKC,Thai AirAsia,FD,08:25,09:30,1ชม.5นาที,Direct,865,฿865,2026-01-20T20:25:28.771354,airpaz.com
2026-05-31,BKKA,DMK,KKC,KKC,Thai AirAsia,FD,07:00,08:00,1ชม.0นาที,Direct,867,฿867,2026-01-20T20:25:28.808922,airpaz.com
2026-05-31,BKKA,DMK,KKC,KKC,Thai AirAsia,FD,18:55,20:00,1ชม.5นาที,Direct,901,฿901,2026-01-20T20:25:28.854115,airpaz.com
2026-05-31,BKKA,DMK,KKC,KKC,Thai Lion Air,SL,15:40,16:50,1ชม.10นาที,Direct,1191,"฿1,191",2026-01-20T20:25:28.896636,airpaz.com
2026-05-31,BKKA,DMK,KKC,KKC,Thai Lion Air,SL,18:15,19:20,1ชม.5นาที,Direct,1192,"฿1,192",2026-01-20T20:25:28.936730,airpaz.com
2026-06-01,BKKA,DMK,KKC,KKC,Thai Lion Air,SL,08:00,09:10,1ชม.10นาที,Direct,773,฿773,2026-01-20T20:25:57.604025,airpaz.com
2026-06-01,BKKA,BKK,KKC,KKC,Thai AirAsia,FD,11:25,12:35,1ชม.10นาที,Direct,824,฿824,2026-01-20T20:25:57.637983,airpaz.com
2026-06-01,BKKA,BKK,KKC,KKC,Thai AirAsia,FD,19:10,20:20,1ชม.10นาที,Direct,832,฿832,2026-01-20T20:25:57.674107,airpaz.com
2026-06-01,BKKA,DMK,KKC,KKC,Thai Lion Air,SL,15:40,16:50,1ชม.10นาที,Direct,1191,"฿1,191",2026-01-20T20:25:57.747302,airpaz.com
2026-06-01,BKKA,DMK,KKC,KKC,Thai Lion Air,SL,11:00,12:05,1ชม.5นาที,Direct,1193,"฿1,193",2026-01-20T20:25:57.784266,airpaz.com
2026-06-01,BKKA,DMK,KKC,KKC,Thai AirAsia,FD,16:55,18:00,1ชม.5นาที,Direct,1236,"฿1,236",2026-01-20T20:25:57.818521,airpaz.com
2026-06-01,BKKA,DMK,KKC,KKC,Thai AirAsia,FD,11:45,12:45,1ชม.0นาที,Direct,1241,"฿1,241",2026-01-20T20:25:57.852488,airpaz.com
2026-06-01,BKKA,DMK,KKC,KKC,Thai AirAsia,FD,14:25,15:35,1ชม.10นาที,Direct,1246,"฿1,246",2026-01-20T20:25:57.889023,airpaz.com
2026-06-01,BKKA,DMK,KKC,KKC,Thai AirAsia,FD,07:00,08:00,1ชม.0นาที,Direct,1251,"฿1,251",2026-01-20T20:25:57.922674,airpaz.com
2026-06-01,BKKA,DMK,KKC,KKC,Thai AirAsia,FD,18:55,20:00,1ชม.5นาที,Direct,1301,"฿1,301",2026-01-20T20:25:57.957845,airpaz.com
2026-06-02,BKKA,DMK,KKC,KKC,Thai Lion Air,SL,08:00,09:10,1ชม.10นาที,Direct,773,฿773,2026-01-20T20:26:26.608223,airpaz.com
2026-06-02,BKKA,BKK,KKC,KKC,Thai AirAsia,FD,11:25,12:35,1ชม.10นาที,Direct,824,฿824,2026-01-20T20:26:26.641995,airpaz.com
2026-06-02,BKKA,BKK,KKC,KKC,Thai AirAsia,FD,19:10,20:20,1ชม.10นาที,Direct,832,฿832,2026-01-20T20:26:26.691298,airpaz.com
2026-06-02,BKKA,DMK,KKC,KKC,Thai Lion Air,SL,15:40,16:50,1ชม.10นาที,Direct,1191,"฿1,191",2026-01-20T20:26:26.745340,airpaz.com
2026-06-02,BKKA,DMK,KKC,KKC,Thai Lion Air,SL,18:15,19:20,1ชม.5นาที,Direct,1192,"฿1,192",2026-01-20T20:26:26.783748,airpaz.com
2026-06-02,BKKA,DMK,KKC,KKC,Thai Lion Air,SL,11:00,12:05,1ชม.5นาที,Direct,1193,"฿1,193",2026-01-20T20:26:26.819592,airpaz.com
2026-06-02,BKKA,DMK,KKC,KKC,Thai AirAsia,FD,16:55,18:00,1ชม.5นาที,Direct,1236,"฿1,236",2026-01-20T20:26:26.856387,airpaz.com
2026-06-02,BKKA,DMK,KKC,KKC,Thai AirAsia,FD,11:45,12:45,1ชม.0นาที,Direct,1241,"฿1,241",2026-01-20T20:26:26.892057,airpaz.com
2026-06-02,BKKA,DMK,KKC,KKC,Thai AirAsia,FD,14:25,15:35,1ชม.10นาที,Direct,1246,"฿1,246",2026-01-20T20:26:26.925848,airpaz.com
2026-06-02,BKKA,DMK,KKC,KKC,Thai AirAsia,FD,07:00,08:00,1ชม.0นาที,Direct,1251,"฿1,251",2026-01-20T20:26:26.959809,airpaz.com
2026-06-03,BKKA,BKK,KKC,KKC,Thai AirAsia,FD,11:25,12:35,1ชม.10นาที,Direct,824,฿824,2026-01-20T20:26:55.903995,airpaz.com
2026-06-03,BKKA,BKK,KKC,KKC,Thai AirAsia,FD,19:10,20:20,1ชม.10นาที,Direct,832,฿832,2026-01-20T20:26:55.935524,airpaz.com
2026-06-03,BKKA,DMK,KKC,KKC,Thai AirAsia,FD,16:55,18:00,1ชม.5นาที,Direct,1236,"฿1,236",2026-01-20T20:26:55.968395,airpaz.com
2026-06-03,BKKA,DMK,KKC,KKC,Thai AirAsia,FD,11:45,12:45,1ชม.0นาที,Direct,1241,"฿1,241",2026-01-20T20:26:56.071002,airpaz.com
2026-06-03,BKKA,DMK,KKC,KKC,Thai AirAsia,FD,14:25,15:35,1ชม.10นาที,Direct,1246,"฿1,246",2026-01-20T20:26:56.111431,airpaz.com
2026-06-03,BKKA,DMK,KKC,KKC,Thai AirAsia,FD,07:00,08:00,1ชม.0นาที,Direct,1251,"฿1,251",2026-01-20T20:26:56.162589,airpaz.com
2026-06-03,BKKA,DMK,KKC,KKC,Thai AirAsia,FD,18:55,20:00,1ชม.5นาที,Direct,1301,"฿1,301",2026-01-20T20:26:56.195718,airpaz.com
2026-06-04,BKKA,DMK,KKC,KKC,Thai Lion Air,SL,08:00,09:10,1ชม.10นาที,Direct,773,฿773,2026-01-20T20:27:25.114354,airpaz.com
2026-06-04,BKKA,BKK,KKC,KKC,Thai AirAsia,FD,11:25,12:35,1ชม.10นาที,Direct,824,฿824,2026-01-20T20:27:25.150698,airpaz.com
2026-06-04,BKKA,BKK,KKC,KKC,Thai AirAsia,FD,19:10,20:20,1ชม.10นาที,Direct,832,฿832,2026-01-20T20:27:25.223385,airpaz.com
2026-06-04,BKKA,DMK,KKC,KKC,Thai Lion Air,SL,15:40,16:50,1ชม.10นาที,Direct,1191,"฿1,191",2026-01-20T20:27:25.267916,airpaz.com
2026-06-04,BKKA,DMK,KKC,KKC,Thai Lion Air,SL,18:15,19:20,1ชม.5นาที,Direct,1192,"฿1,192",2026-01-20T20:27:25.307333,airpaz.com
2026-06-04,BKKA,DMK,KKC,KKC,Thai Lion Air,SL,11:00,12:05,1ชม.5นาที,Direct,1193,"฿1,193",2026-01-20T20:27:25.341009,airpaz.com
2026-06-04,BKKA,DMK,KKC,KKC,Thai AirAsia,FD,16:55,18:00,1ชม.5นาที,Direct,1236,"฿1,236",2026-01-20T20:27:25.373807,airpaz.com
2026-06-04,BKKA,DMK,KKC,KKC,Thai AirAsia,FD,11:45,12:45,1ชม.0นาที,Direct,1241,"฿1,241",2026-01-20T20:27:25.409500,airpaz.com
2026-06-04,BKKA,DMK,KKC,KKC,Thai AirAsia,FD,14:25,15:35,1ชม.10นาที,Direct,1246,"฿1,246",2026-01-20T20:27:25.442202,airpaz.com
2026-06-04,BKKA,DMK,KKC,KKC,Thai AirAsia,FD,07:00,08:00,1ชม.0นาที,Direct,1251,"฿1,251",2026-01-20T20:27:25.476558,airpaz.com
2026-06-05,BKKA,BKK,KKC,KKC,Thai AirAsia,FD,11:25,12:35,1ชม.10นาที,Direct,824,฿824,2026-01-20T20:27:54.055328,airpaz.com
2026-06-05,BKKA,BKK,KKC,KKC,Thai AirAsia,FD,19:10,20:20,1ชม.10นาที,Direct,832,฿832,2026-01-20T20:27:54.085797,airpaz.com
2026-06-05,BKKA,DMK,KKC,KKC,Thai AirAsia,FD,18:55,20:00,1ชม.5นาที,Direct,901,฿901,2026-01-20T20:27:54.118261,airpaz.com
2026-06-05,BKKA,DMK,KKC,KKC,Thai AirAsia,FD,16:55,18:00,1ชม.5นาที,Direct,1236,"฿1,236",2026-01-20T20:27:54.151505,airpaz.com
2026-06-05,BKKA,DMK,KKC,KKC,Thai AirAsia,FD,11:45,12:45,1ชม.0นาที,Direct,1241,"฿1,241",2026-01-20T20:27:54.182139,airpaz.com
2026-06-05,BKKA,DMK,KKC,KKC,Thai AirAsia,FD,14:25,15:35,1ชม.10นาที,Direct,1246,"฿1,246",2026-01-20T20:27:54.215089,airpaz.com
2026-06-05,BKKA,DMK,KKC,KKC,Thai AirAsia,FD,07:00,08:00,1ชม.0นาที,Direct,1251,"฿1,251",2026-01-20T20:27:54.247301,airpaz.com
2026-06-05,BKKA,BKK,KKC,KKC,Thai VietJet Air,VZ,07:05,08:10,1ชม.5นาที,Direct,3041,"฿3,041",2026-01-20T20:27:54.280260,airpaz.com
2026-06-05,BKKA,BKK,KKC,KKC,Thai VietJet Air,VZ,17:30,18:35,1ชม.5นาที,Direct,3047,"฿3,047",2026-01-20T20:27:54.316161,airpaz.com
2026-06-06,BKKA,BKK,KKC,KKC,Thai AirAsia,FD,11:25,12:35,1ชม.10นาที,Direct,824,฿824,2026-01-20T20:28:22.996444,airpaz.com
2026-06-06,BKKA,BKK,KKC,KKC,Thai AirAsia,FD,19:10,20:20,1ชม.10นาที,Direct,832,฿832,2026-01-20T20:28:23.030166,airpaz.com
2026-06-06,BKKA,DMK,KKC,KKC,Thai AirAsia,FD,16:55,18:00,1ชม.5นาที,Direct,1236,"฿1,236",2026-01-20T20:28:23.067345,airpaz.com
2026-06-06,BKKA,DMK,KKC,KKC,Thai AirAsia,FD,11:45,12:45,1ชม.0นาที,Direct,1241,"฿1,241",2026-01-20T20:28:23.137780,airpaz.com
2026-06-06,BKKA,DMK,KKC,KKC,Thai AirAsia,FD,14:25,15:35,1ชม.10นาที,Direct,1246,"฿1,246",2026-01-20T20:28:23.170380,airpaz.com
2026-06-06,BKKA,DMK,KKC,KKC,Thai AirAsia,FD,07:00,08:00,1ชม.0นาที,Direct,1251,"฿1,251",2026-01-20T20:28:23.204910,airpaz.com
2026-06-06,BKKA,DMK,KKC,KKC,Thai AirAsia,FD,18:55,20:00,1ชม.5นาที,Direct,1301,"฿1,301",2026-01-20T20:28:23.255928,airpaz.com
2026-06-07,BKKA,BKK,KKC,KKC,Thai AirAsia,FD,11:25,12:35,1ชม.10นาที,Direct,824,฿824,2026-01-20T20:28:52.021199,airpaz.com
2026-06-07,BKKA,BKK,KKC,KKC,Thai AirAsia,FD,19:10,20:20,1ชม.10นาที,Direct,832,฿832,2026-01-20T20:28:52.057885,airpaz.com
2026-06-07,BKKA,BKK,KKC,KKC,Thai VietJet Air,VZ,07:05,08:10,1ชม.5นาที,Direct,999,฿999,2026-01-20T20:28:52.090553,airpaz.com
2026-06-07,BKKA,DMK,KKC,KKC,Thai AirAsia,FD,16:55,18:00,1ชม.5นาที,Direct,1236,"฿1,236",2026-01-20T20:28:52.134339,airpaz.com
2026-06-07,BKKA,DMK,KKC,KKC,Thai AirAsia,FD,11:45,12:45,1ชม.0นาที,Direct,1241,"฿1,241",2026-01-20T20:28:52.165416,airpaz.com
2026-06-07,BKKA,DMK,KKC,KKC,Thai AirAsia,FD,14:25,15:35,1ชม.10นาที,Direct,1246,"฿1,246",2026-01-20T20:28:52.199602,airpaz.com
2026-06-08,BKKA,BKK,KKC,KKC,Thai AirAsia,FD,11:25,12:35,1ชม.10นาที,Direct,824,฿824,2026-01-20T20:29:20.672178,airpaz.com
2026-06-08,BKKA,BKK,KKC,KKC,Thai AirAsia,FD,19:10,20:20,1ชม.10นาที,Direct,832,฿832,2026-01-20T20:29:20.702965,airpaz.com
2026-06-08,BKKA,DMK,KKC,KKC,Thai AirAsia,FD,16:55,18:00,1ชม.5นาที,Direct,856,฿856,2026-01-20T20:29:20.734839,airpaz.com
2026-06-08,BKKA,DMK,KKC,KKC,Thai AirAsia,FD,11:45,12:45,1ชม.0นาที,Direct,860,฿860,2026-01-20T20:29:20.769665,airpaz.com
2026-06-08,BKKA,DMK,KKC,KKC,Thai AirAsia,FD,14:25,15:35,1ชม.10นาที,Direct,863,฿863,2026-01-20T20:29:20.837937,airpaz.com
2026-06-08,BKKA,DMK,KKC,KKC,Thai AirAsia,FD,07:00,08:00,1ชม.0นาที,Direct,867,฿867,2026-01-20T20:29:20.895888,airpaz.com
2026-06-08,BKKA,DMK,KKC,KKC,Thai AirAsia,FD,18:55,20:00,1ชม.5นาที,Direct,901,฿901,2026-01-20T20:29:20.933024,airpaz.com
2026-06-09,BKKA,BKK,KKC,KKC,Thai AirAsia,FD,11:25,12:35,1ชม.10นาที,Direct,824,฿824,2026-01-20T20:29:49.588409,airpaz.com
2026-06-09,BKKA,BKK,KKC,KKC,Thai AirAsia,FD,19:10,20:20,1ชม.10นาที,Direct,832,฿832,2026-01-20T20:29:49.623148,airpaz.com
2026-06-09,BKKA,DMK,KKC,KKC,Thai AirAsia,FD,16:55,18:00,1ชม.5นาที,Direct,856,฿856,2026-01-20T20:29:49.662015,airpaz.com
2026-06-09,BKKA,DMK,KKC,KKC,Thai AirAsia,FD,11:45,12:45,1ชม.0นาที,Direct,860,฿860,2026-01-20T20:29:49.699879,airpaz.com
2026-06-09,BKKA,DMK,KKC,KKC,Thai AirAsia,FD,14:25,15:35,1ชม.10นาที,Direct,863,฿863,2026-01-20T20:29:49.734266,airpaz.com
2026-06-09,BKKA,DMK,KKC,KKC,Thai AirAsia,FD,07:00,08:00,1ชม.0นาที,Direct,867,฿867,2026-01-20T20:29:49.764903,airpaz.com
2026-06-09,BKKA,DMK,KKC,KKC,Thai AirAsia,FD,18:55,20:00,1ชม.5นาที,Direct,901,฿901,2026-01-20T20:29:49.798218,airpaz.com
2026-06-09,BKKA,BKK,KKC,KKC,Thai VietJet Air,VZ,07:05,08:10,1ชม.5นาที,Direct,1594,"฿1,594",2026-01-20T20:29:49.830978,airpaz.com
2026-06-09,BKKA,BKK,KKC,KKC,Thai VietJet Air,VZ,17:30,18:35,1ชม.5นาที,Direct,1597,"฿1,597",2026-01-20T20:29:49.861534,airpaz.com
2026-06-10,BKKA,DMK,KKC,KKC,Thai Lion Air,SL,08:00,09:10,1ชม.10นาที,Direct,773,฿773,2026-01-20T20:30:18.609796,airpaz.com
2026-06-10,BKKA,DMK,KKC,KKC,Thai Lion Air,SL,15:40,16:50,1ชม.10นาที,Direct,777,฿777,2026-01-20T20:30:18.640634,airpaz.com
2026-06-10,BKKA,DMK,KKC,KKC,Thai Lion Air,SL,11:00,12:05,1ชม.5นาที,Direct,779,฿779,2026-01-20T20:30:18.673484,airpaz.com
2026-06-10,BKKA,BKK,KKC,KKC,Thai AirAsia,FD,11:25,12:35,1ชม.10นาที,Direct,824,฿824,2026-01-20T20:30:18.707324,airpaz.com
2026-06-10,BKKA,BKK,KKC,KKC,Thai AirAsia,FD,19:10,20:20,1ชม.10นาที,Direct,832,฿832,2026-01-20T20:30:18.742153,airpaz.com
2026-06-10,BKKA,DMK,KKC,KKC,Thai AirAsia,FD,16:55,18:00,1ชม.5นาที,Direct,856,฿856,2026-01-20T20:30:18.773524,airpaz.com
2026-06-10,BKKA,DMK,KKC,KKC,Thai AirAsia,FD,11:45,12:45,1ชม.0นาที,Direct,860,฿860,2026-01-20T20:30:18.808019,airpaz.com
2026-06-10,BKKA,DMK,KKC,KKC,Thai AirAsia,FD,14:25,15:35,1ชม.10นาที,Direct,863,฿863,2026-01-20T20:30:18.842424,airpaz.com
2026-06-10,BKKA,DMK,KKC,KKC,Thai AirAsia,FD,07:00,08:00,1ชม.0นาที,Direct,867,฿867,2026-01-20T20:30:18.875919,airpaz.com
2026-06-10,BKKA,DMK,KKC,KKC,Thai AirAsia,FD,18:55,20:00,1ชม.5นาที,Direct,901,฿901,2026-01-20T20:30:18.907933,airpaz.com
2026-06-11,BKKA,DMK,KKC,KKC,Thai Lion Air,SL,08:00,09:10,1ชม.10นาที,Direct,773,฿773,2026-01-20T20:30:48.177910,airpaz.com
2026-06-11,BKKA,DMK,KKC,KKC,Thai Lion Air,SL,15:40,16:50,1ชม.10นาที,Direct,777,฿777,2026-01-20T20:30:48.211929,airpaz.com
2026-06-11,BKKA,DMK,KKC,KKC,Thai Lion Air,SL,18:15,19:20,1ชม.5นาที,Direct,778,฿778,2026-01-20T20:30:48.246851,airpaz.com
2026-06-11,BKKA,DMK,KKC,KKC,Thai Lion Air,SL,11:00,12:05,1ชม.5นาที,Direct,779,฿779,2026-01-20T20:30:48.281891,airpaz.com
2026-06-11,BKKA,BKK,KKC,KKC,Thai AirAsia,FD,11:25,12:35,1ชม.10นาที,Direct,824,฿824,2026-01-20T20:30:48.346663,airpaz.com
2026-06-11,BKKA,BKK,KKC,KKC,Thai AirAsia,FD,19:10,20:20,1ชม.10นาที,Direct,832,฿832,2026-01-20T20:30:48.383104,airpaz.com
2026-06-11,BKKA,DMK,KKC,KKC,Thai AirAsia,FD,16:55,18:00,1ชม.5นาที,Direct,856,฿856,2026-01-20T20:30:48.417765,airpaz.com
2026-06-11,BKKA,DMK,KKC,KKC,Thai AirAsia,FD,11:45,12:45,1ชม.0นาที,Direct,860,฿860,2026-01-20T20:30:48.454200,airpaz.com
2026-06-11,BKKA,DMK,KKC,KKC,Thai AirAsia,FD,14:25,15:35,1ชม.10นาที,Direct,863,฿863,2026-01-20T20:30:48.485906,airpaz.com
2026-06-11,BKKA,DMK,KKC,KKC,Thai AirAsia,FD,07:00,08:00,1ชม.0นาที,Direct,867,฿867,2026-01-20T20:30:48.517860,airpaz.com
2026-06-12,BKKA,DMK,KKC,KKC,Thai Lion Air,SL,08:00,09:10,1ชม.10นาที,Direct,773,฿773,2026-01-20T20:31:17.404078,airpaz.com
2026-06-12,BKKA,DMK,KKC,KKC,Thai Lion Air,SL,15:40,16:50,1ชม.10นาที,Direct,777,฿777,2026-01-20T20:31:17.436760,airpaz.com
2026-06-12,BKKA,DMK,KKC,KKC,Thai Lion Air,SL,11:00,12:05,1ชม.5นาที,Direct,779,฿779,2026-01-20T20:31:17.469897,airpaz.com
2026-06-12,BKKA,BKK,KKC,KKC,Thai AirAsia,FD,11:25,12:35,1ชม.10นาที,Direct,824,฿824,2026-01-20T20:31:17.502264,airpaz.com
2026-06-12,BKKA,BKK,KKC,KKC,Thai AirAsia,FD,19:10,20:20,1ชม.10นาที,Direct,832,฿832,2026-01-20T20:31:17.532106,airpaz.com
2026-06-12,BKKA,DMK,KKC,KKC,Thai AirAsia,FD,16:55,18:00,1ชม.5นาที,Direct,856,฿856,2026-01-20T20:31:17.564353,airpaz.com
2026-06-12,BKKA,DMK,KKC,KKC,Thai AirAsia,FD,11:45,12:45,1ชม.0นาที,Direct,860,฿860,2026-01-20T20:31:17.595636,airpaz.com
2026-06-12,BKKA,DMK,KKC,KKC,Thai AirAsia,FD,14:25,15:35,1ชม.10นาที,Direct,863,฿863,2026-01-20T20:31:17.627805,airpaz.com
2026-06-12,BKKA,DMK,KKC,KKC,Thai AirAsia,FD,07:00,08:00,1ชม.0นาที,Direct,867,฿867,2026-01-20T20:31:17.660812,airpaz.com
2026-06-12,BKKA,DMK,KKC,KKC,Thai AirAsia,FD,18:55,20:00,1ชม.5นาที,Direct,901,฿901,2026-01-20T20:31:17.724620,airpaz.com
2026-06-13,BKKA,DMK,KKC,KKC,Thai Lion Air,SL,08:00,09:10,1ชม.10นาที,Direct,773,฿773,2026-01-20T20:31:46.371227,airpaz.com
2026-06-13,BKKA,DMK,KKC,KKC,Thai Lion Air,SL,15:40,16:50,1ชม.10นาที,Direct,777,฿777,2026-01-20T20:31:46.404374,airpaz.com
2026-06-13,BKKA,DMK,KKC,KKC,Thai Lion Air,SL,18:15,19:20,1ชม.5นาที,Direct,778,฿778,2026-01-20T20:31:46.439015,airpaz.com
2026-06-13,BKKA,DMK,KKC,KKC,Thai Lion Air,SL,11:00,12:05,1ชม.5นาที,Direct,779,฿779,2026-01-20T20:31:46.476276,airpaz.com
2026-06-13,BKKA,BKK,KKC,KKC,Thai AirAsia,FD,11:25,12:35,1ชม.10นาที,Direct,824,฿824,2026-01-20T20:31:46.510397,airpaz.com
2026-06-13,BKKA,BKK,KKC,KKC,Thai AirAsia,FD,19:10,20:20,1ชม.10นาที,Direct,832,฿832,2026-01-20T20:31:46.544329,airpaz.com
2026-06-13,BKKA,DMK,KKC,KKC,Thai AirAsia,FD,16:55,18:00,1ชม.5นาที,Direct,856,฿856,2026-01-20T20:31:46.576496,airpaz.com
2026-06-13,BKKA,DMK,KKC,KKC,Thai AirAsia,FD,11:45,12:45,1ชม.0นาที,Direct,860,฿860,2026-01-20T20:31:46.609378,airpaz.com
2026-06-13,BKKA,DMK,KKC,KKC,Thai AirAsia,FD,14:25,15:35,1ชม.10นาที,Direct,863,฿863,2026-01-20T20:31:46.645117,airpaz.com
2026-06-13,BKKA,DMK,KKC,KKC,Thai AirAsia,FD,07:00,08:00,1ชม.0นาที,Direct,867,฿867,2026-01-20T20:31:46.681134,airpaz.com
2026-06-14,BKKA,BKK,KKC,KKC,Thai AirAsia,FD,11:25,12:35,1ชม.10นาที,Direct,824,฿824,2026-01-20T20:32:15.700917,airpaz.com
2026-06-14,BKKA,BKK,KKC,KKC,Thai AirAsia,FD,19:10,20:20,1ชม.10นาที,Direct,832,฿832,2026-01-20T20:32:15.762323,airpaz.com
2026-06-14,BKKA,DMK,KKC,KKC,Thai AirAsia,FD,16:55,18:00,1ชม.5นาที,Direct,856,฿856,2026-01-20T20:32:15.797653,airpaz.com
2026-06-14,BKKA,DMK,KKC,KKC,Thai AirAsia,FD,11:45,12:45,1ชม.0นาที,Direct,860,฿860,2026-01-20T20:32:15.831251,airpaz.com
2026-06-14,BKKA,DMK,KKC,KKC,Thai AirAsia,FD,14:25,15:35,1ชม.10นาที,Direct,863,฿863,2026-01-20T20:32:15.864965,airpaz.com
2026-06-14,BKKA,DMK,KKC,KKC,Thai AirAsia,FD,07:00,08:00,1ชม.0นาที,Direct,867,฿867,2026-01-20T20:32:15.910876,airpaz.com
2026-06-15,BKKA,DMK,KKC,KKC,Thai Lion Air,SL,08:00,09:10,1ชม.10นาที,Direct,773,฿773,2026-01-20T20:32:44.540007,airpaz.com
2026-06-15,BKKA,DMK,KKC,KKC,Thai Lion Air,SL,15:40,16:50,1ชม.10นาที,Direct,777,฿777,2026-01-20T20:32:44.573628,airpaz.com
2026-06-15,BKKA,DMK,KKC,KKC,Thai Lion Air,SL,11:00,12:05,1ชม.5นาที,Direct,779,฿779,2026-01-20T20:32:44.611314,airpaz.com
2026-06-15,BKKA,BKK,KKC,KKC,Thai AirAsia,FD,11:25,12:35,1ชม.10นาที,Direct,824,฿824,2026-01-20T20:32:44.645300,airpaz.com
2026-06-15,BKKA,BKK,KKC,KKC,Thai AirAsia,FD,19:10,20:20,1ชม.10นาที,Direct,832,฿832,2026-01-20T20:32:44.675815,airpaz.com
2026-06-15,BKKA,DMK,KKC,KKC,Thai AirAsia,FD,16:55,18:00,1ชม.5นาที,Direct,856,฿856,2026-01-20T20:32:44.709325,airpaz.com
2026-06-15,BKKA,DMK,KKC,KKC,Thai AirAsia,FD,11:45,12:45,1ชม.0นาที,Direct,860,฿860,2026-01-20T20:32:44.742203,airpaz.com
2026-06-15,BKKA,DMK,KKC,KKC,Thai AirAsia,FD,14:25,15:35,1ชม.10นาที,Direct,863,฿863,2026-01-20T20:32:44.773519,airpaz.com
2026-06-15,BKKA,DMK,KKC,KKC,Thai AirAsia,FD,07:00,08:00,1ชม.0นาที,Direct,867,฿867,2026-01-20T20:32:44.805945,airpaz.com
2026-06-15,BKKA,DMK,KKC,KKC,Thai AirAsia,FD,18:55,20:00,1ชม.5นาที,Direct,901,฿901,2026-01-20T20:32:44.839138,airpaz.com
2026-06-16,BKKA,BKK,KKC,KKC,Thai AirAsia,FD,11:25,12:35,1ชม.10นาที,Direct,824,฿824,2026-01-20T20:33:13.502034,airpaz.com
2026-06-16,BKKA,BKK,KKC,KKC,Thai AirAsia,FD,19:10,20:20,1ชม.10นาที,Direct,832,฿832,2026-01-20T20:33:13.536041,airpaz.com
2026-06-16,BKKA,DMK,KKC,KKC,Thai AirAsia,FD,16:55,18:00,1ชม.5นาที,Direct,856,฿856,2026-01-20T20:33:13.567476,airpaz.com
2026-06-16,BKKA,DMK,KKC,KKC,Thai AirAsia,FD,11:45,12:45,1ชม.0นาที,Direct,860,฿860,2026-01-20T20:33:13.599464,airpaz.com
2026-06-16,BKKA,DMK,KKC,KKC,Thai AirAsia,FD,14:25,15:35,1ชม.10นาที,Direct,863,฿863,2026-01-20T20:33:13.630506,airpaz.com
2026-06-16,BKKA,DMK,KKC,KKC,Thai AirAsia,FD,07:00,08:00,1ชม.0นาที,Direct,867,฿867,2026-01-20T20:33:13.699759,airpaz.com
2026-06-16,BKKA,DMK,KKC,KKC,Thai AirAsia,FD,18:55,20:00,1ชม.5นาที,Direct,901,฿901,2026-01-20T20:33:13.743715,airpaz.com
2026-06-16,BKKA,BKK,KKC,KKC,Thai VietJet Air,VZ,07:05,08:10,1ชม.5นาที,Direct,1233,"฿1,233",2026-01-20T20:33:13.780885,airpaz.com
2026-06-16,BKKA,BKK,KKC,KKC,Thai VietJet Air,VZ,17:30,18:35,1ชม.5นาที,Direct,1236,"฿1,236",2026-01-20T20:33:13.816571,airpaz.com
2026-06-17,BKKA,BKK,KKC,KKC,Thai AirAsia,FD,11:25,12:35,1ชม.10นาที,Direct,824,฿824,2026-01-20T20:33:42.800949,airpaz.com
2026-06-17,BKKA,BKK,KKC,KKC,Thai AirAsia,FD,19:10,20:20,1ชม.10นาที,Direct,832,฿832,2026-01-20T20:33:42.857140,airpaz.com
2026-06-17,BKKA,DMK,KKC,KKC,Thai AirAsia,FD,16:55,18:00,1ชม.5นาที,Direct,856,฿856,2026-01-20T20:33:42.914055,airpaz.com
2026-06-17,BKKA,DMK,KKC,KKC,Thai AirAsia,FD,11:45,12:45,1ชม.0นาที,Direct,860,฿860,2026-01-20T20:33:42.948684,airpaz.com
2026-06-17,BKKA,DMK,KKC,KKC,Thai AirAsia,FD,14:25,15:35,1ชม.10นาที,Direct,863,฿863,2026-01-20T20:33:42.986840,airpaz.com
2026-06-17,BKKA,DMK,KKC,KKC,Thai AirAsia,FD,07:00,08:00,1ชม.0นาที,Direct,867,฿867,2026-01-20T20:33:43.023843,airpaz.com
2026-06-17,BKKA,DMK,KKC,KKC,Thai AirAsia,FD,18:55,20:00,1ชม.5นาที,Direct,901,฿901,2026-01-20T20:33:43.075084,airpaz.com
2026-06-17,BKKA,BKK,KKC,KKC,Thai VietJet Air,VZ,07:05,08:10,1ชม.5นาที,Direct,1371,"฿1,371",2026-01-20T20:33:43.125496,airpaz.com
2026-06-17,BKKA,BKK,KKC,KKC,Thai VietJet Air,VZ,17:30,18:35,1ชม.5นาที,Direct,1374,"฿1,374",2026-01-20T20:33:43.164648,airpaz.com
2026-06-18,BKKA,DMK,KKC,KKC,Thai Lion Air,SL,08:00,09:10,1ชม.10นาที,Direct,773,฿773,2026-01-20T20:34:11.607971,airpaz.com
2026-06-18,BKKA,DMK,KKC,KKC,Thai Lion Air,SL,15:40,16:50,1ชม.10นาที,Direct,777,฿777,2026-01-20T20:34:11.643438,airpaz.com
2026-06-18,BKKA,DMK,KKC,KKC,Thai Lion Air,SL,18:15,19:20,1ชม.5นาที,Direct,778,฿778,2026-01-20T20:34:11.710454,airpaz.com
2026-06-18,BKKA,DMK,KKC,KKC,Thai Lion Air,SL,11:00,12:05,1ชม.5นาที,Direct,779,฿779,2026-01-20T20:34:11.748261,airpaz.com
2026-06-18,BKKA,BKK,KKC,KKC,Thai AirAsia,FD,11:25,12:35,1ชม.10นาที,Direct,824,฿824,2026-01-20T20:34:11.785778,airpaz.com
2026-06-18,BKKA,BKK,KKC,KKC,Thai AirAsia,FD,19:10,20:20,1ชม.10นาที,Direct,832,฿832,2026-01-20T20:34:11.818052,airpaz.com
2026-06-18,BKKA,DMK,KKC,KKC,Thai AirAsia,FD,16:55,18:00,1ชม.5นาที,Direct,856,฿856,2026-01-20T20:34:11.849399,airpaz.com
2026-06-18,BKKA,DMK,KKC,KKC,Thai AirAsia,FD,11:45,12:45,1ชม.0นาที,Direct,860,฿860,2026-01-20T20:34:11.881979,airpaz.com
2026-06-18,BKKA,DMK,KKC,KKC,Thai AirAsia,FD,14:25,15:35,1ชม.10นาที,Direct,863,฿863,2026-01-20T20:34:11.915126,airpaz.com
2026-06-18,BKKA,DMK,KKC,KKC,Thai AirAsia,FD,07:00,08:00,1ชม.0นาที,Direct,867,฿867,2026-01-20T20:34:11.951031,airpaz.com
2026-06-19,BKKA,DMK,KKC,KKC,Thai Lion Air,SL,08:00,09:10,1ชม.10นาที,Direct,773,฿773,2026-01-20T20:36:00.066653,airpaz.com
2026-06-19,BKKA,DMK,KKC,KKC,Thai Lion Air,SL,15:40,16:50,1ชม.10นาที,Direct,777,฿777,2026-01-20T20:36:00.101984,airpaz.com
2026-06-19,BKKA,DMK,KKC,KKC,Thai Lion Air,SL,11:00,12:05,1ชม.5นาที,Direct,779,฿779,2026-01-20T20:36:00.139369,airpaz.com
2026-06-19,BKKA,BKK,KKC,KKC,Thai AirAsia,FD,11:25,12:35,1ชม.10นาที,Direct,824,฿824,2026-01-20T20:36:00.172440,airpaz.com
2026-06-19,BKKA,BKK,KKC,KKC,Thai AirAsia,FD,19:10,20:20,1ชม.10นาที,Direct,832,฿832,2026-01-20T20:36:00.205879,airpaz.com
2026-06-19,BKKA,DMK,KKC,KKC,Thai AirAsia,FD,16:55,18:00,1ชม.5นาที,Direct,856,฿856,2026-01-20T20:36:00.247505,airpaz.com
2026-06-19,BKKA,DMK,KKC,KKC,Thai AirAsia,FD,11:45,12:45,1ชม.0นาที,Direct,860,฿860,2026-01-20T20:36:00.290022,airpaz.com
2026-06-19,BKKA,DMK,KKC,KKC,Thai AirAsia,FD,14:25,15:35,1ชม.10นาที,Direct,863,฿863,2026-01-20T20:36:00.352329,airpaz.com
2026-06-19,BKKA,DMK,KKC,KKC,Thai AirAsia,FD,07:00,08:00,1ชม.0นาที,Direct,867,฿867,2026-01-20T20:36:00.392844,airpaz.com
2026-06-19,BKKA,DMK,KKC,KKC,Thai AirAsia,FD,18:55,20:00,1ชม.5นาที,Direct,901,฿901,2026-01-20T20:36:00.433884,airpaz.com
2026-06-20,BKKA,DMK,KKC,KKC,Thai Lion Air,SL,08:00,09:10,1ชม.10นาที,Direct,773,฿773,2026-01-20T20:36:29.212605,airpaz.com
2026-06-20,BKKA,DMK,KKC,KKC,Thai Lion Air,SL,15:40,16:50,1ชม.10นาที,Direct,777,฿777,2026-01-20T20:36:29.246139,airpaz.com
2026-06-20,BKKA,DMK,KKC,KKC,Thai Lion Air,SL,18:15,19:20,1ชม.5นาที,Direct,778,฿778,2026-01-20T20:36:29.280979,airpaz.com
2026-06-20,BKKA,DMK,KKC,KKC,Thai Lion Air,SL,11:00,12:05,1ชม.5นาที,Direct,779,฿779,2026-01-20T20:36:29.315902,airpaz.com
2026-06-20,BKKA,BKK,KKC,KKC,Thai AirAsia,FD,11:25,12:35,1ชม.10นาที,Direct,824,฿824,2026-01-20T20:36:29.349541,airpaz.com
2026-06-20,BKKA,BKK,KKC,KKC,Thai AirAsia,FD,19:10,20:20,1ชม.10นาที,Direct,832,฿832,2026-01-20T20:36:29.381968,airpaz.com
2026-06-20,BKKA,DMK,KKC,KKC,Thai AirAsia,FD,16:55,18:00,1ชม.5นาที,Direct,856,฿856,2026-01-20T20:36:29.415291,airpaz.com
2026-06-20,BKKA,DMK,KKC,KKC,Thai AirAsia,FD,11:45,12:45,1ชม.0นาที,Direct,860,฿860,2026-01-20T20:36:29.449117,airpaz.com
2026-06-20,BKKA,DMK,KKC,KKC,Thai AirAsia,FD,14:25,15:35,1ชม.10นาที,Direct,863,฿863,2026-01-20T20:36:29.509008,airpaz.com
2026-06-20,BKKA,DMK,KKC,KKC,Thai AirAsia,FD,07:00,08:00,1ชม.0นาที,Direct,867,฿867,2026-01-20T20:36:29.545506,airpaz.com
2026-06-21,BKKA,DMK,KKC,KKC,Thai Lion Air,SL,08:00,09:10,1ชม.10นาที,Direct,773,฿773,2026-01-20T20:36:58.229825,airpaz.com
2026-06-21,BKKA,DMK,KKC,KKC,Thai Lion Air,SL,15:40,16:50,1ชม.10นาที,Direct,777,฿777,2026-01-20T20:36:58.309988,airpaz.com
2026-06-21,BKKA,DMK,KKC,KKC,Thai Lion Air,SL,18:15,19:20,1ชม.5นาที,Direct,778,฿778,2026-01-20T20:36:58.345386,airpaz.com
2026-06-21,BKKA,DMK,KKC,KKC,Thai Lion Air,SL,11:00,12:05,1ชม.5นาที,Direct,779,฿779,2026-01-20T20:36:58.381292,airpaz.com
2026-06-21,BKKA,BKK,KKC,KKC,Thai AirAsia,FD,11:25,12:35,1ชม.10นาที,Direct,824,฿824,2026-01-20T20:36:58.417310,airpaz.com
2026-06-21,BKKA,BKK,KKC,KKC,Thai AirAsia,FD,19:10,20:20,1ชม.10นาที,Direct,832,฿832,2026-01-20T20:36:58.448964,airpaz.com
2026-06-21,BKKA,DMK,KKC,KKC,Thai AirAsia,FD,16:55,18:00,1ชม.5นาที,Direct,856,฿856,2026-01-20T20:36:58.480582,airpaz.com
2026-06-21,BKKA,DMK,KKC,KKC,Thai AirAsia,FD,11:45,12:45,1ชม.0นาที,Direct,860,฿860,2026-01-20T20:36:58.513815,airpaz.com
2026-06-21,BKKA,DMK,KKC,KKC,Thai AirAsia,FD,14:25,15:35,1ชม.10นาที,Direct,863,฿863,2026-01-20T20:36:58.548306,airpaz.com
2026-06-21,BKKA,DMK,KKC,KKC,Thai AirAsia,FD,07:00,08:00,1ชม.0นาที,Direct,867,฿867,2026-01-20T20:36:58.584198,airpaz.com
2026-06-22,BKKA,DMK,KKC,KKC,Thai Lion Air,SL,08:00,09:10,1ชม.10นาที,Direct,773,฿773,2026-01-20T20:37:27.457068,airpaz.com
2026-06-22,BKKA,DMK,KKC,KKC,Thai Lion Air,SL,15:40,16:50,1ชม.10นาที,Direct,777,฿777,2026-01-20T20:37:27.491195,airpaz.com
2026-06-22,BKKA,DMK,KKC,KKC,Thai Lion Air,SL,11:00,12:05,1ชม.5นาที,Direct,779,฿779,2026-01-20T20:37:27.526438,airpaz.com
2026-06-22,BKKA,BKK,KKC,KKC,Thai AirAsia,FD,11:25,12:35,1ชม.10นาที,Direct,824,฿824,2026-01-20T20:37:27.562915,airpaz.com
2026-06-22,BKKA,BKK,KKC,KKC,Thai AirAsia,FD,19:10,20:20,1ชม.10นาที,Direct,832,฿832,2026-01-20T20:37:27.597606,airpaz.com
2026-06-22,BKKA,DMK,KKC,KKC,Thai AirAsia,FD,16:55,18:00,1ชม.5นาที,Direct,856,฿856,2026-01-20T20:37:27.632026,airpaz.com
2026-06-22,BKKA,DMK,KKC,KKC,Thai AirAsia,FD,11:45,12:45,1ชม.0นาที,Direct,860,฿860,2026-01-20T20:37:27.663280,airpaz.com
2026-06-22,BKKA,DMK,KKC,KKC,Thai AirAsia,FD,14:25,15:35,1ชม.10นาที,Direct,863,฿863,2026-01-20T20:37:27.695942,airpaz.com
2026-06-22,BKKA,DMK,KKC,KKC,Thai AirAsia,FD,07:00,08:00,1ชม.0นาที,Direct,867,฿867,2026-01-20T20:37:27.729533,airpaz.com
2026-06-22,BKKA,DMK,KKC,KKC,Thai AirAsia,FD,18:55,20:00,1ชม.5นาที,Direct,901,฿901,2026-01-20T20:37:27.762344,airpaz.com
2026-06-23,BKKA,DMK,KKC,KKC,Thai Lion Air,SL,08:00,09:10,1ชม.10นาที,Direct,773,฿773,2026-01-20T20:37:57.043395,airpaz.com
2026-06-23,BKKA,DMK,KKC,KKC,Thai Lion Air,SL,15:40,16:50,1ชม.10นาที,Direct,777,฿777,2026-01-20T20:37:57.112906,airpaz.com
2026-06-23,BKKA,DMK,KKC,KKC,Thai Lion Air,SL,18:15,19:20,1ชม.5นาที,Direct,778,฿778,2026-01-20T20:37:57.147418,airpaz.com
2026-06-23,BKKA,DMK,KKC,KKC,Thai Lion Air,SL,11:00,12:05,1ชม.5นาที,Direct,779,฿779,2026-01-20T20:37:57.186502,airpaz.com
2026-06-23,BKKA,BKK,KKC,KKC,Thai AirAsia,FD,11:25,12:35,1ชม.10นาที,Direct,824,฿824,2026-01-20T20:37:57.223460,airpaz.com
2026-06-23,BKKA,BKK,KKC,KKC,Thai AirAsia,FD,19:10,20:20,1ชม.10นาที,Direct,832,฿832,2026-01-20T20:37:57.258212,airpaz.com
2026-06-23,BKKA,DMK,KKC,KKC,Thai AirAsia,FD,16:55,18:00,1ชม.5นาที,Direct,856,฿856,2026-01-20T20:37:57.292477,airpaz.com
2026-06-23,BKKA,DMK,KKC,KKC,Thai AirAsia,FD,11:45,12:45,1ชม.0นาที,Direct,860,฿860,2026-01-20T20:37:57.325818,airpaz.com
2026-06-23,BKKA,DMK,KKC,KKC,Thai AirAsia,FD,14:25,15:35,1ชม.10นาที,Direct,863,฿863,2026-01-20T20:37:57.358574,airpaz.com
2026-06-23,BKKA,DMK,KKC,KKC,Thai AirAsia,FD,07:00,08:00,1ชม.0นาที,Direct,867,฿867,2026-01-20T20:37:57.392287,airpaz.com
2026-06-24,BKKA,DMK,KKC,KKC,Thai Lion Air,SL,08:00,09:10,1ชม.10นาที,Direct,773,฿773,2026-01-20T20:38:26.017953,airpaz.com
2026-06-24,BKKA,DMK,KKC,KKC,Thai Lion Air,SL,15:40,16:50,1ชม.10นาที,Direct,777,฿777,2026-01-20T20:38:26.066539,airpaz.com
2026-06-24,BKKA,DMK,KKC,KKC,Thai Lion Air,SL,11:00,12:05,1ชม.5นาที,Direct,779,฿779,2026-01-20T20:38:26.144744,airpaz.com
2026-06-24,BKKA,BKK,KKC,KKC,Thai AirAsia,FD,11:25,12:35,1ชม.10นาที,Direct,824,฿824,2026-01-20T20:38:26.190383,airpaz.com
2026-06-24,BKKA,BKK,KKC,KKC,Thai AirAsia,FD,19:10,20:20,1ชม.10นาที,Direct,832,฿832,2026-01-20T20:38:26.230180,airpaz.com
2026-06-24,BKKA,DMK,KKC,KKC,Thai AirAsia,FD,16:55,18:00,1ชม.5นาที,Direct,856,฿856,2026-01-20T20:38:26.269093,airpaz.com
2026-06-24,BKKA,DMK,KKC,KKC,Thai AirAsia,FD,11:45,12:45,1ชม.0นาที,Direct,860,฿860,2026-01-20T20:38:26.311725,airpaz.com
2026-06-24,BKKA,DMK,KKC,KKC,Thai AirAsia,FD,14:25,15:35,1ชม.10นาที,Direct,863,฿863,2026-01-20T20:38:26.357923,airpaz.com
2026-06-24,BKKA,DMK,KKC,KKC,Thai AirAsia,FD,07:00,08:00,1ชม.0นาที,Direct,867,฿867,2026-01-20T20:38:26.397472,airpaz.com
2026-06-24,BKKA,DMK,KKC,KKC,Thai AirAsia,FD,18:55,20:00,1ชม.5นาที,Direct,901,฿901,2026-01-20T20:38:26.439577,airpaz.com
2026-06-25,BKKA,DMK,KKC,KKC,Thai Lion Air,SL,08:00,09:10,1ชม.10นาที,Direct,773,฿773,2026-01-20T20:38:55.385924,airpaz.com
2026-06-25,BKKA,DMK,KKC,KKC,Thai Lion Air,SL,15:40,16:50,1ชม.10นาที,Direct,777,฿777,2026-01-20T20:38:55.423602,airpaz.com
2026-06-25,BKKA,DMK,KKC,KKC,Thai Lion Air,SL,18:15,19:20,1ชม.5นาที,Direct,778,฿778,2026-01-20T20:38:55.462109,airpaz.com
2026-06-25,BKKA,DMK,KKC,KKC,Thai Lion Air,SL,11:00,12:05,1ชม.5นาที,Direct,779,฿779,2026-01-20T20:38:55.497107,airpaz.com
2026-06-25,BKKA,BKK,KKC,KKC,Thai AirAsia,FD,11:25,12:35,1ชม.10นาที,Direct,824,฿824,2026-01-20T20:38:55.530774,airpaz.com
2026-06-25,BKKA,BKK,KKC,KKC,Thai AirAsia,FD,19:10,20:20,1ชม.10นาที,Direct,832,฿832,2026-01-20T20:38:55.566132,airpaz.com
2026-06-25,BKKA,DMK,KKC,KKC,Thai AirAsia,FD,16:55,18:00,1ชม.5นาที,Direct,856,฿856,2026-01-20T20:38:55.602350,airpaz.com
2026-06-25,BKKA,DMK,KKC,KKC,Thai AirAsia,FD,11:45,12:45,1ชม.0นาที,Direct,860,฿860,2026-01-20T20:38:55.674869,airpaz.com
2026-06-25,BKKA,DMK,KKC,KKC,Thai AirAsia,FD,14:25,15:35,1ชม.10นาที,Direct,863,฿863,2026-01-20T20:38:55.733153,airpaz.com
2026-06-25,BKKA,DMK,KKC,KKC,Thai AirAsia,FD,07:00,08:00,1ชม.0นาที,Direct,867,฿867,2026-01-20T20:38:55.767106,airpaz.com
2026-06-27,BKKA,BKK,KKC,KKC,Thai AirAsia,FD,11:25,12:35,1ชม.10นาที,Direct,824,฿824,2026-01-20T20:40:39.998448,airpaz.com
2026-06-27,BKKA,BKK,KKC,KKC,Thai AirAsia,FD,19:10,20:20,1ชม.10นาที,Direct,832,฿832,2026-01-20T20:40:40.039997,airpaz.com
2026-06-27,BKKA,BKK,KKC,KKC,Thai VietJet Air,VZ,07:05,08:10,1ชม.5นาที,Direct,1123,"฿1,123",2026-01-20T20:40:40.082859,airpaz.com
2026-06-27,BKKA,BKK,KKC,KKC,Thai VietJet Air,VZ,17:30,18:35,1ชม.5นาที,Direct,1250,"฿1,250",2026-01-20T20:40:40.161303,airpaz.com
2026-06-28,BKKA,DMK,KKC,KKC,Thai Lion Air,SL,08:00,09:10,1ชม.10นาที,Direct,773,฿773,2026-01-20T20:40:43.564144,airpaz.com
2026-06-28,BKKA,DMK,KKC,KKC,Thai Lion Air,SL,15:40,16:50,1ชม.10นาที,Direct,777,฿777,2026-01-20T20:40:43.614421,airpaz.com
2026-06-28,BKKA,DMK,KKC,KKC,Thai Lion Air,SL,18:15,19:20,1ชม.5นาที,Direct,778,฿778,2026-01-20T20:40:43.665052,airpaz.com
2026-06-28,BKKA,DMK,KKC,KKC,Thai Lion Air,SL,11:00,12:05,1ชม.5นาที,Direct,779,฿779,2026-01-20T20:40:43.709367,airpaz.com
2026-06-28,BKKA,BKK,KKC,KKC,Thai AirAsia,FD,11:25,12:35,1ชม.10นาที,Direct,824,฿824,2026-01-20T20:40:43.743574,airpaz.com
2026-06-28,BKKA,BKK,KKC,KKC,Thai AirAsia,FD,19:10,20:20,1ชม.10นาที,Direct,832,฿832,2026-01-20T20:40:43.780549,airpaz.com
2026-06-28,BKKA,DMK,KKC,KKC,Thai AirAsia,FD,16:55,18:00,1ชม.5นาที,Direct,856,฿856,2026-01-20T20:40:43.838405,airpaz.com
2026-06-28,BKKA,DMK,KKC,KKC,Thai AirAsia,FD,11:45,12:45,1ชม.0นาที,Direct,860,฿860,2026-01-20T20:40:43.871172,airpaz.com
2026-06-28,BKKA,DMK,KKC,KKC,Thai AirAsia,FD,14:25,15:35,1ชม.10นาที,Direct,863,฿863,2026-01-20T20:40:43.911122,airpaz.com
2026-06-28,BKKA,DMK,KKC,KKC,Thai AirAsia,FD,07:00,08:00,1ชม.0นาที,Direct,867,฿867,2026-01-20T20:40:43.947410,airpaz.com
2026-06-29,BKKA,BKK,KKC,KKC,Thai AirAsia,FD,11:25,12:35,1ชม.10นาที,Direct,824,฿824,2026-01-20T20:41:16.167561,airpaz.com
2026-06-29,BKKA,BKK,KKC,KKC,Thai AirAsia,FD,19:10,20:20,1ชม.10นาที,Direct,832,฿832,2026-01-20T20:41:16.205103,airpaz.com
2026-06-29,BKKA,DMK,KKC,KKC,Thai AirAsia,FD,16:55,18:00,1ชม.5นาที,Direct,856,฿856,2026-01-20T20:41:16.239135,airpaz.com
2026-06-29,BKKA,DMK,KKC,KKC,Thai AirAsia,FD,11:45,12:45,1ชม.0นาที,Direct,860,฿860,2026-01-20T20:41:16.273306,airpaz.com
2026-06-29,BKKA,DMK,KKC,KKC,Thai AirAsia,FD,14:25,15:35,1ชม.10นาที,Direct,863,฿863,2026-01-20T20:41:16.339965,airpaz.com
2026-06-29,BKKA,DMK,KKC,KKC,Thai AirAsia,FD,07:00,08:00,1ชม.0นาที,Direct,867,฿867,2026-01-20T20:41:16.375154,airpaz.com
2026-06-29,BKKA,DMK,KKC,KKC,Thai AirAsia,FD,18:55,20:00,1ชม.5นาที,Direct,901,฿901,2026-01-20T20:41:16.413132,airpaz.com
2026-06-29,BKKA,BKK,KKC,KKC,Thai VietJet Air,VZ,07:05,08:10,1ชม.5นาที,Direct,1598,"฿1,598",2026-01-20T20:41:16.448395,airpaz.com
2026-06-29,BKKA,BKK,KKC,KKC,Thai VietJet Air,VZ,17:30,18:35,1ชม.5นาที,Direct,2001,"฿2,001",2026-01-20T20:41:16.484105,airpaz.com
2026-06-30,BKKA,DMK,KKC,KKC,Thai Lion Air,SL,08:00,09:10,1ชม.10นาที,Direct,773,฿773,2026-01-20T20:41:19.170752,airpaz.com
2026-06-30,BKKA,DMK,KKC,KKC,Thai Lion Air,SL,15:40,16:50,1ชม.10นาที,Direct,777,฿777,2026-01-20T20:41:19.208138,airpaz.com
2026-06-30,BKKA,DMK,KKC,KKC,Thai Lion Air,SL,11:00,12:05,1ชม.5นาที,Direct,779,฿779,2026-01-20T20:41:19.244930,airpaz.com
2026-06-30,BKKA,BKK,KKC,KKC,Thai AirAsia,FD,11:25,12:35,1ชม.10นาที,Direct,824,฿824,2026-01-20T20:41:19.280334,airpaz.com
2026-06-30,BKKA,BKK,KKC,KKC,Thai AirAsia,FD,19:10,20:20,1ชม.10นาที,Direct,832,฿832,2026-01-20T20:41:19.316900,airpaz.com
2026-06-30,BKKA,DMK,KKC,KKC,Thai AirAsia,FD,16:55,18:00,1ชม.5นาที,Direct,856,฿856,2026-01-20T20:41:19.351145,airpaz.com
2026-06-30,BKKA,DMK,KKC,KKC,Thai AirAsia,FD,11:45,12:45,1ชม.0นาที,Direct,860,฿860,2026-01-20T20:41:19.385596,airpaz.com
2026-06-30,BKKA,DMK,KKC,KKC,Thai AirAsia,FD,14:25,15:35,1ชม.10นาที,Direct,863,฿863,2026-01-20T20:41:19.421613,airpaz.com
2026-06-30,BKKA,DMK,KKC,KKC,Thai AirAsia,FD,07:00,08:00,1ชม.0นาที,Direct,867,฿867,2026-01-20T20:41:19.455599,airpaz.com
2026-06-30,BKKA,DMK,KKC,KKC,Thai AirAsia,FD,18:55,20:00,1ชม.5นาที,Direct,901,฿901,2026-01-20T20:41:19.492236,airpaz.com
2026-07-01,BKKA,DMK,KKC,KKC,Thai Lion Air,SL,08:00,09:10,1ชม.10นาที,Direct,773,฿773,2026-01-20T20:41:49.999845,airpaz.com
2026-07-01,BKKA,DMK,KKC,KKC,Thai Lion Air,SL,15:40,16:50,1ชม.10นาที,Direct,777,฿777,2026-01-20T20:41:50.046274,airpaz.com
2026-07-01,BKKA,DMK,KKC,KKC,Thai Lion Air,SL,11:00,12:05,1ชม.5นาที,Direct,779,฿779,2026-01-20T20:41:50.087846,airpaz.com
2026-07-01,BKKA,BKK,KKC,KKC,Thai AirAsia,FD,11:25,12:35,1ชม.10นาที,Direct,824,฿824,2026-01-20T20:41:50.126556,airpaz.com
2026-07-01,BKKA,BKK,KKC,KKC,Thai AirAsia,FD,19:10,20:20,1ชม.10นาที,Direct,832,฿832,2026-01-20T20:41:50.165613,airpaz.com
2026-07-01,BKKA,DMK,KKC,KKC,Thai AirAsia,FD,16:55,18:00,1ชม.5นาที,Direct,856,฿856,2026-01-20T20:41:50.201355,airpaz.com
2026-07-01,BKKA,DMK,KKC,KKC,Thai AirAsia,FD,11:45,12:45,1ชม.0นาที,Direct,860,฿860,2026-01-20T20:41:50.256340,airpaz.com
2026-07-01,BKKA,DMK,KKC,KKC,Thai AirAsia,FD,14:25,15:35,1ชม.10นาที,Direct,863,฿863,2026-01-20T20:41:50.362405,airpaz.com
2026-07-01,BKKA,DMK,KKC,KKC,Thai AirAsia,FD,08:25,09:30,1ชม.5นาที,Direct,865,฿865,2026-01-20T20:41:50.409666,airpaz.com
2026-07-01,BKKA,DMK,KKC,KKC,Thai AirAsia,FD,07:00,08:00,1ชม.0นาที,Direct,867,฿867,2026-01-20T20:41:50.457174,airpaz.com
2026-07-02,BKKA,BKK,KKC,KKC,Thai AirAsia,FD,11:25,12:35,1ชม.10นาที,Direct,824,฿824,2026-01-20T20:42:21.687787,airpaz.com
2026-07-02,BKKA,BKK,KKC,KKC,Thai AirAsia,FD,19:10,20:20,1ชม.10นาที,Direct,832,฿832,2026-01-20T20:42:21.728085,airpaz.com
2026-07-02,BKKA,DMK,KKC,KKC,Thai AirAsia,FD,16:55,18:00,1ชม.5นาที,Direct,856,฿856,2026-01-20T20:42:21.770851,airpaz.com
2026-07-02,BKKA,DMK,KKC,KKC,Thai AirAsia,FD,11:45,12:45,1ชม.0นาที,Direct,860,฿860,2026-01-20T20:42:21.807506,airpaz.com
2026-07-02,BKKA,DMK,KKC,KKC,Thai AirAsia,FD,14:25,15:35,1ชม.10นาที,Direct,863,฿863,2026-01-20T20:42:21.841562,airpaz.com
2026-07-02,BKKA,DMK,KKC,KKC,Thai AirAsia,FD,08:25,09:30,1ชม.5นาที,Direct,865,฿865,2026-01-20T20:42:21.880448,airpaz.com
2026-07-02,BKKA,DMK,KKC,KKC,Thai AirAsia,FD,07:00,08:00,1ชม.0นาที,Direct,867,฿867,2026-01-20T20:42:21.920962,airpaz.com
2026-07-02,BKKA,DMK,KKC,KKC,Thai AirAsia,FD,18:55,20:00,1ชม.5นาที,Direct,901,฿901,2026-01-20T20:42:21.956860,airpaz.com
2026-07-02,BKKA,BKK,KKC,KKC,Thai VietJet Air,VZ,07:05,08:10,1ชม.5นาที,Direct,1371,"฿1,371",2026-01-20T20:42:22.000392,airpaz.com
2026-07-02,BKKA,BKK,KKC,KKC,Thai VietJet Air,VZ,17:30,18:35,1ชม.5นาที,Direct,1374,"฿1,374",2026-01-20T20:42:22.036610,airpaz.com
